36.9	38.1	38.6	39.9	42.3	44.2	44.5	43.8	43.5	43.9	46	49.3	52.2	52.8	50.3	46.6	42.3	38.4	36	35.4	35.3	33.4	29.8	26.5	24.2	22.8	22.1	22.4	23.5	24.3	24.4	24	23.6	23.3	23.6	25.1	27.6	30.6	33.4	35	34.9	33.9	33.1	32.5	32.1	31.9	31.4	30	28.4	27.3	26.3	25.4	24.7	23.5	22.5	21.6	20.7	20.4	20	20.2	21.8
44.5	43.7	42.9	43.2	45.7	49.3	52.1	52.4	49.1	44.7	41	38.3	37	36.8	36.3	33.2	28.7	25.3	23.9	23.9	23.9	23.5	22.6	21.9	21.6	21.3	21	21.4	23.5	27.1	30.6	34	37	38.8	38.5	36.3	33.2	30.6	29.2	29	28.3	26.1	24.3	24	24.5	23.7	22	20.9	20.4	19.8	18.4	17.1	16.9	17.6	19	20.7	21.6	21.8	21	20.6	21.3
52.1	52.3	49.3	45	41.4	38.6	37.3	37.5	37.1	33.8	29.2	26	24.6	24.5	24.5	23.8	22.8	22.1	21.5	21.2	21.2	22.1	24.1	26.8	28.9	30.4	32.8	36.1	38.4	38.5	36.4	33.3	30.1	28	28.1	29.8	30.5	29.4	26.9	24.4	22.6	21.6	21.3	21.2	19.9	17.6	15.8	16.8	19.3	21.7	23.3	23.4	23.3	24	24.5	25.6	26.4	26.1	26.3	27.8	30.7
37.3	37.5	37	33.7	29.2	26.1	24.7	24.6	24.4	23.2	21.8	20.7	20	19.6	19.7	21	23.8	27.6	30.2	31.9	34.4	37	38.2	37.9	35.5	32.4	30.9	31	30.9	29.8	28.5	28	28.2	26.9	24.6	22.8	21.5	20.2	19.6	19.5	20.1	21	22.4	24	25.4	27.2	28.4	29.2	29.1	27.9	26.9	27.9	30.6	33.3	33.8	33.3	33.3	35.4	36.6	35.7	35.1
24.7	24.6	24.4	23.2	22	21	20.5	20.5	21.1	22.6	24.9	28.3	31.9	35.2	38.2	39.9	39.5	38.4	36.9	34.9	32.8	30.9	30.5	31	30.2	27.7	25.3	23.3	22	20.9	20.1	19.8	20.5	21.4	22.5	23.9	26	26.6	26.9	29.2	35.2	40.9	41.9	40.5	41.9	45	47.2	48.3	49.3	50.5	50.9	49.5	45.3	42.1	41.6	42.2	41.8	42.5	44.7	48.6	56.3
20.5	20.5	21.1	22.4	24.8	28.5	32.4	35.9	39	40.2	40.1	39.3	37.6	35.8	34	32.7	31.8	30.7	29.2	27.2	25.4	24	22.8	21.2	19.5	18.9	20.4	22.3	23.1	24.2	26	27.8	30.7	36.2	39.8	41.6	42.6	43.2	44	46.1	48.1	49.4	50.8	52.6	51.6	47.8	44.1	41.5	39.9	39.6	38.9	37.6	37.2	39.4	46.4	57.4	69	78	80.2	75.1	65.9
32.4	36	39.2	40.5	40.2	39.1	37.3	35.6	33.6	32.5	32.5	32.4	31.4	29.6	28.2	26.4	24.2	22.4	20.8	20.4	20.1	20.9	22.7	26.4	30.1	31.7	33.1	37.2	42	43.9	44.9	46.1	45.7	46.5	49.3	51.8	52.7	52.5	50.5	46.8	42.6	39.6	39.9	41.4	41.9	42.4	44.2	50.1	59.9	71.1	78.6	79.3	72.6	63.1	52.6	43.8	41.6	46.9	53.6	55.2	52.4
37.3	35.6	33.6	32.6	32.7	32.6	31.1	28.9	27.1	25.2	23.2	21.7	20.8	20.7	21.2	22.4	24.4	27	29.5	30.6	31.5	34.8	39.4	42.8	44.6	46.6	48.8	49	50.4	51.8	52	51	50.4	49.5	47.2	46.5	46.9	47.2	47.9	48.2	48.7	49.4	51.8	56.5	62.1	67.3	65.9	57.5	47.2	39.5	36.1	36.9	39.7	42.4	45.1	49.3	55.1	60.1	60.6	59.1	61.2
31.1	28.9	27.4	25.6	23.4	21.2	20.1	20	20.5	21.6	23.6	26.4	29.5	30.7	31.8	36.6	42.3	44.6	45.3	46	46.7	46.5	45.8	46.8	49.4	51.8	52.5	50.4	45.8	42.6	42.3	42.7	42	41.5	43.2	47.6	53.6	59.3	62.3	59.2	51.3	42.3	36.5	36.3	38.8	41.2	45	49.4	51.9	53.7	55.6	56.5	58	63.4	74	84.9	89	87.3	86.8	89.6	93.7
20.1	19.9	19.9	20.8	22.8	26.2	29.8	31.9	35.4	41.8	47.7	50.5	51	51.2	51	50.6	50.8	51.8	53.3	56.3	57.7	54.4	50.2	47.6	45.6	42.6	39.8	38.6	39.4	41.9	44.6	47.1	50.7	54.1	54	49.2	41.9	36.7	37.2	41.3	44.9	48.1	52.2	57.1	61.3	64.2	68.8	76.3	85.3	91.1	91	88.2	89.4	95.4	100.3	101.1	99.7	100.4	100	95.4	88.7
29.8	31.9	35.2	42.4	48.9	50.9	50.3	50.7	50.7	51.6	53.4	55.1	56.2	58.3	60.8	59.4	56.1	52.9	50.3	46.5	42.8	41.7	44.1	49.4	53.7	53.3	50.1	46	42	40.1	39.4	38.9	38.8	39.4	41.1	44.9	50.2	56.3	61.7	66.1	70.1	76.3	84.3	87.4	85.6	82.9	81.6	83.5	90.1	94.9	95.2	94.3	94.9	94.5	92.8	89.9	86.5	82.9	79.3	75.2	71.8
53.6	55.9	55.6	56.4	57.3	56.2	56.9	59.4	59.8	58.2	57.3	55.9	53.1	51.6	50.9	49.4	48.2	49.1	48.7	45.6	42.6	42.4	43.3	42.2	39.2	37.2	38.9	43.2	48	52.4	55.5	57.5	60.4	65	71.1	76.3	79.3	79.3	75.6	71.7	76	87.1	93.1	89.9	85.1	84.8	88	91.9	92.7	89.6	84.6	79	75.4	74.8	74.2	70.9	66.2	63.2	61.1	58.5	55
56.9	59.6	60.8	60	59.6	57.2	53.4	51	51.4	53.4	57.9	62.1	59.9	51.6	43.1	37.5	35.6	36.8	38.9	40.8	43.9	47.8	50.4	50.3	50.6	52.2	55.8	62.3	68.1	71.6	71.8	69.3	67.5	70.4	78	83.4	85.6	86.3	85.8	86.6	89.1	93.3	98.5	97.5	90.6	85.5	83.3	82	79.3	74.9	70.5	67.3	63.7	59.6	56.1	53.2	51.1	49.6	47.3	47.1	49.5
53.4	51.1	51.6	53.7	58.1	62.1	59	49.8	41.6	37.3	37.1	39.8	43.5	45.6	45.4	44.6	45.1	46.8	49.8	53.3	57.5	63.2	69.6	75.2	76.9	73.6	70.3	70.4	73.8	78.5	83.2	86.4	85.7	84.4	86.9	91.5	93.2	91.8	90.5	89.4	86.7	81.9	76.6	72.9	69.6	66.7	64.4	60.6	55.3	51	48.6	47.2	46.7	46.8	45.9	45.7	44.3	41.5	39.5	39.3	40.9
59	49.9	42.6	40	40.6	41.6	43.1	43.7	43.5	43.6	45.9	48.6	50.9	54.4	59.8	64.5	65.4	64.5	65.6	69.2	74.2	79.1	82.2	84.5	85	83.5	80.9	79.7	81.4	86.3	90.2	88.9	84.3	79.6	75.8	73.7	72.6	71.3	69.9	67.6	63.9	60	56	53	50.1	48.5	47.5	47.6	48.6	50.3	49.3	44.5	41.9	41.8	43.4	46.8	49	49.7	49.2	46.3	41.3
43.1	43.8	43.9	44.4	46.1	48	50.5	54.4	59.9	65.4	67.5	67.9	69	72.8	79	84.6	86.6	88	88.6	84.8	79.2	78.1	82.2	88.4	91.4	89.1	85.8	82.3	77.5	73.1	71.1	70.4	68.9	65.7	61.5	57.9	54.9	51.6	48.4	46.7	46.3	48.2	50.9	51.3	49	45.7	43.8	43.8	46	48.4	49.5	49.7	49	47.1	45.2	44.3	45.8	48.3	50.6	51.2	50.1
50.5	54.2	59.7	65.8	68	67.5	68.2	74	82.4	86.8	87.2	86.4	85.9	82.4	80.1	82.8	86.8	89.4	90.3	90	87.9	83.2	77.8	75	73.7	71.7	67.1	61.4	56.6	53.6	51.3	48.5	47.1	48.2	49.6	49.9	49.9	48.5	46.3	44.5	43.5	44.8	47.4	48.4	47.7	46.5	44.3	40.9	39.5	40.3	42.1	44.3	45.1	44.6	43.8	43.8	44.2	44.8	45.4	45.7	48.1
68.2	74	82.3	86.7	87.3	86.3	85.1	82.2	82.1	85.1	88.2	89.8	89.6	88.1	84.9	80.2	76.6	75	73.8	71.2	66.6	62.2	58.4	55	52.1	49.7	47.9	48.4	49.9	50.6	50	47.4	44.1	43.2	44	45.6	47.4	48.2	47.6	45.8	43	41.3	41.8	44.2	46.7	48.4	54.7	60.7	58.2	52.7	49.6	48.1	48.2	49.9	52.3	55.7	59.4	60.7	61.4	62.8	63.1
85.1	82.2	83.4	89.1	93.4	93.5	92.6	91.4	87.8	83.8	79.8	76.1	73.8	72.4	69.7	65.1	59.5	54	49.8	48.1	49.3	51	51.3	50.5	48.1	45.3	43.7	43.7	43.9	44.9	45.9	45.3	44.9	43.9	43.8	46.3	49.5	50.6	50.2	50.8	53.2	56	56.4	53.7	51.8	52.9	55.8	59.3	62.6	65.5	67	66.6	65.3	64.7	63.7	61.7	58.4	54.6	50.1	45.9	44.2
92.6	91.7	89.1	86.1	82	76.5	71.8	68.6	65.9	62.9	58.9	54.1	48.6	45.4	47.1	50	50.6	49.9	47.5	44.4	43	42.4	42.1	43.7	46	45.8	44.3	43	42.7	45.1	48.3	49.4	50.1	53.4	54.9	55.1	55.1	53.6	51.3	50.9	52.9	57.7	63.4	65.9	66.3	66.3	63.7	60.1	58.3	58.2	57.9	55.5	51.9	49.5	48.3	46.8	44.3	41.1	37.7	35.5	34.4
71.8	68.6	66.3	63.6	59.3	54	48.5	46.4	48.2	50	50.3	48.7	46	44.8	44.9	43.8	42.5	44.6	46.2	44.7	43.9	43.8	43.9	46	47.4	47.4	46.4	47.7	50.8	53.2	53.3	52.6	51.7	51	51.2	54.3	59.8	65	67.1	66.2	64.7	63.3	63.3	64.1	63.2	60	56.9	54.7	51.7	47.4	43.2	40.2	38.1	36.9	36.7	36.9	36.3	35.3	35.2	36	35.9
48.5	46.2	47.2	48.2	48.2	47.4	44.8	43.4	43.9	43.5	42.6	44.4	46.4	45.4	44.6	44.6	46.3	49	49.9	48.6	48.7	51.3	53.7	54.9	55.9	56	54.1	52	51.5	53.3	56.4	58.1	58.1	58.7	60.4	61.5	61.2	58.8	55.7	52.6	49.3	47.4	46.3	45.3	44.4	44	43.5	41.5	38.4	35.4	34	34.7	34.8	34.1	34	35.6	38.5	40	39.6	39.4	40.9
44.8	43.8	45.5	46.1	45	45.4	46	44.9	43.8	42.6	43.1	46.7	50.1	51.6	52.3	54.1	55.7	58.9	62.3	62.5	59.7	56.1	53.6	55	59.1	62.5	64.8	67.8	69	67.8	64.9	60.4	56.8	54.4	51.7	48.2	44.4	42.1	42.3	43.3	42.5	39.6	36.9	36.4	38.1	39.5	39.2	37.7	35.7	34.6	35.2	37.6	41.4	44.4	45.4	45.1	45.2	45.3	47.5	55.4	64.7
45.7	46.9	47.1	44.9	42.3	42.8	46.3	49.6	52	55.4	58.9	61.8	62.5	61.6	59.7	57.7	56.5	58	60.3	62.2	64.8	67.8	69	67.5	65.2	63.1	60.5	56.6	51.9	48.1	46	45	44	41.9	38.7	36.5	35.7	35.7	35.5	34.2	31.7	30.2	31.7	35.9	40.2	42.8	44.4	45.5	47.8	52	56.3	60.7	66.6	74	79.3	79.7	77.2	76	76.4	74.7	68.6
47.5	50.2	51.4	55.7	61.2	65.2	67.9	67.4	61.5	56.9	57.5	62.6	69.3	74.4	75.4	74.3	74.5	75	73.5	69	62.9	57.2	52.2	47.8	44.4	42.3	41.3	39.2	35.1	31.5	30.3	30.9	31.4	31.6	31.9	32.3	34.4	37.6	40.9	43.3	46.1	51.8	58.5	62.1	63.5	65	67	69	69.6	69.2	69.8	73	75.8	73.4	67.6	61.4	55.6	51.2	46.6	41	34.3
67.9	67.4	61.7	56.8	57.2	62.3	68.5	72	72.4	72.5	74.3	75.6	73.5	67.9	62.2	58.2	53.8	48.7	44.9	43.6	42.7	40	35.9	33.1	32.8	32.6	30.8	29.5	29.5	31.3	34	36.9	39.3	43.2	49.1	55.1	59.5	63.2	67.6	70.1	69.1	66	63.3	63.7	68.7	74.1	75.5	72.6	67.5	60.7	54.6	50.5	46.8	42	36.8	32.6	33.5	46.1	69.4	95.3	118
68.4	73.4	75.5	76.1	75.4	74.3	72.8	69.7	64.6	59	55.3	54.2	53.5	51.1	47.5	44	41.1	39	37.9	37.6	36.9	34.3	30	27	27.1	29.3	31.1	33.1	36.1	39.4	43.2	48	55.5	65	74.2	81.8	91	104.8	109.4	103.5	96.7	89.9	81.5	72.1	64.2	59.7	57.3	51.8	42.4	36.4	37.3	48.4	66.6	88.9	111.3	128.7	138.8	144.8	152.2	162.5	172
72.8	69.7	64.5	60.5	59.1	58.6	55.9	51.3	46.8	43.5	42.2	42.4	43.2	43.5	41.8	37.4	32.6	31.1	32.3	33.7	34.8	37.4	42.8	51.7	61.8	70.1	78.2	86.5	95.2	98.3	92.8	86.6	82.1	76.5	70.2	64.3	61.1	59.7	56.5	51.2	45.8	39	30.8	30.4	48.4	78.2	110.4	136.2	152.3	162.3	172.3	185	194.6	198	197.6	191.6	177.4	157.3	133.4	115.2	103.5
55.9	51.3	47.1	44	42.4	42.5	43.4	43.6	42.1	38	33.4	31.4	32.4	34	35.6	39	44.9	52.7	61.2	67.3	71.5	75.9	81	84.9	86.7	85.5	80	73.4	69.8	70.4	70.5	66	57.2	48.3	42	36.8	31.5	33	47.2	68.9	93	117.2	139.3	153.8	164.6	179.2	197.2	211.8	219.8	217.7	196.6	164.2	135.5	116.5	108.1	104.6	100	93.6	89.4	88.3	86.5
40.5	41.7	42.7	40.8	37	33.9	34.2	36.3	38.9	43	48.8	54.6	61.7	69.8	78.1	84.6	86.3	83.2	78.8	75.3	73.1	72.9	74.3	74.3	71.4	66.6	61.9	55.9	48.2	39.9	32.3	31.9	44.4	65.5	89.8	116	139.5	156.1	171	191.7	209.3	219.3	221.8	207.7	180.7	151.9	128.8	114.9	106.6	97.3	85.8	76.8	70.5	65.5	62.3	62.6	66.6	73.9	82.8	89.5	92
34.2	36.3	38.7	43.2	49.2	54.8	60.9	66.5	71.6	78.6	86.2	89.1	86.1	82.2	80.4	78.8	77.8	75.6	72.2	67.9	62.5	56.7	50.8	42.9	33.3	26.1	29.1	45.1	70.9	100	125.7	145	157.7	169.9	185.4	196.3	201.5	210.5	209.7	185.4	150.4	119.9	100.9	93.2	89.6	84.2	77.9	73	68.1	64.7	65.9	72.3	81.4	87.8	92.1	98.6	108.2	112	106.9	99.6	93.4
60.9	66.6	72.6	80.4	87	89.1	86.9	84	81.6	79.4	77.4	75.3	71.7	65.4	59.5	55	49.9	42	32.1	29.4	40.5	63.8	93.1	120.1	141.6	157.5	169.6	177.2	178	173.9	174.4	184.3	174.3	143.1	111.1	90	82.6	82.5	82.7	78.8	71.1	63.3	58.6	58.8	65.4	77.6	89.3	97.9	103.2	104.3	101.9	99.3	97.4	96.6	95.3	92.9	91.7	92.1	91.1	86.8	80.9
86.9	84.1	82	80.1	77.8	75.2	70.6	63.6	57.9	54.7	50.4	42.1	31.7	28.2	38	58.6	85.7	115.5	141.6	159.1	170	174.4	180.2	194.8	213.3	204.7	164.6	122.5	95.7	85.4	82.9	79.9	77.5	78.6	78.9	75.7	72.2	71.7	74	78.8	85.8	90.6	92.9	95.2	98.1	99.4	97.7	94.1	90	86.8	86.1	87.1	86.2	82.9	79.5	77.2	75	71.8	68.6	67.7	68.9
70.6	63.7	58	54.6	49.7	40.2	30.4	29	40.6	64.1	93.4	124.2	147	157.7	161.6	168.9	186.2	207.5	207.2	175.9	136.3	108	93.9	89.4	86.8	83.3	80.5	78.2	75.4	70.9	68	70	76.2	83.5	86.8	84.2	79.5	78.1	81.9	87.9	92.1	93.6	92.5	89.2	85.4	84.1	84.4	81.6	75.9	70.7	67.9	66.2	65	64.7	64.3	62.6	60.8	60.3	59.9	59.7	60.9
30.4	29.4	41.3	65	94.7	124.6	146.8	157.9	163.5	170.8	182.9	200.3	197.1	164	129.5	109	101.3	98.8	93.1	86.6	83.6	82	78.3	73.6	72.2	76.2	82.5	86	86.4	85.8	85.1	85.2	85.7	85.5	84	82.7	82.1	81.6	79.8	75.2	68.5	63	60.4	59.5	58.6	57.1	56.6	58.7	62.3	64.5	64.2	62.8	62.2	62.5	63.6	64.8	65.5	65.8	66.7	68.6	69.2
146.8	158	164.4	170.7	181	198.1	197.9	166.8	130.3	106.8	98.3	98.2	96	89.9	84.1	79.4	73.5	68.2	67.8	72.8	80.1	86.2	88.1	86.9	87	88.5	88.8	87.1	83.7	80.3	78.1	75.9	71.8	66.6	62.8	60.5	59.8	60.2	60.2	59.3	59.5	61	62	61.5	60.8	60.8	61	61.4	63	65.6	67.3	68.2	69.7	72.1	73.2	71.8	69.9	69.3	70.3	73.4	76.4
197.9	167.8	132.3	107.3	95.3	92.6	90.4	86.7	85.1	85.3	83.6	79.2	76.6	77.2	81	85.9	88.6	89.2	90	90.6	89.6	86	81.2	77.2	75.5	74.9	72.3	67.8	63.8	61	59.1	58.7	59.2	60	61.7	63.9	65.1	64.9	64.5	64.6	65.4	66.1	66.7	67.9	68.6	69.2	70.4	70.7	69.6	68.9	69.7	71.2	72.7	74.1	75.3	75.7	76.7	77.5	79	82.2	85.2
90.4	87.2	86.7	86.8	83.8	77.8	74.1	74.9	80.3	86.8	90.4	90.4	89.1	87.7	84.6	79.9	75.8	73.7	73.6	73.8	72.1	68.3	63.8	59.9	57.8	57.7	57.9	58.1	58.9	60.7	62.2	62.2	61.9	62.7	63.4	63.5	64.8	66.5	67.7	67.9	66.8	66.2	65.9	65.6	65.1	64.1	63.9	66.9	71.6	74	73.6	75.3	80.4	85	85.9	87.3	92.6	96.9	98.3	96.3	92.7
74.1	74.5	78.4	83.7	88	89.6	89.7	89	85.7	79.7	74.8	73.7	74	73.1	69.9	64.8	59.4	55.4	54.5	56.8	59.1	59.1	58	57.9	58.7	59.3	59.3	59.4	59.6	60.9	63.4	65.4	65.4	64.1	62.9	62.5	63	64.3	65.3	66.1	67.7	69.7	70.9	72.8	75.8	78.9	82	86.3	90.4	93.3	95.9	97.9	97.5	94.3	89.1	83.7	79.7	76.8	73.3	70.6	69.2
86.3	84.2	81.7	79.6	78.7	78	75.4	71.8	67.8	64.1	60.9	58.7	58.6	60.3	61.6	61.4	60.4	59.7	59.3	59.8	60.9	61.7	61.9	62.1	63.3	65	65.5	64.2	62.9	61.4	60.5	61.1	61.8	62	62.1	63.1	65	68.7	73.3	76.6	79.4	84.2	89.4	93.7	96.3	96.2	94.4	91.7	88.3	84.9	81.7	78.1	73.7	68.1	62.3	57.4	53	49.5	46.9	45.7	46.6
75.4	71.5	66.5	61.7	58.3	57.3	59.3	62.8	64.1	62.7	60.5	59.1	58.6	59.9	62.3	64.1	64.6	64.9	66.2	67.4	68.1	67.7	66.8	66.2	65	64.5	64.3	64.1	64.7	66.6	70	73.5	76.4	78.6	80.4	83.3	86.6	90.1	93.1	93.6	91.7	89.1	85.4	81.6	78.6	76.1	73.1	69.6	67.6	65.7	63.2	61	59.5	57.4	54	51.4	52.3	57.3	64.7	71.1	76
59.3	62.6	63.2	61.1	58.9	57.6	57.4	58.7	60.7	61.9	62.6	63	64.1	65.3	65.9	65.8	65.6	66.2	66.6	67.7	68.5	68.6	69.2	71.2	73.3	74.2	74.4	75.3	76.9	78.9	81.3	84	85.9	86.2	85.7	84.3	82.4	80.1	77.5	75.2	73	70.7	68.5	66.1	63.7	62.4	61.3	59.8	59	60	61.1	63	67	73.2	81.2	88.2	95.7	100.4	99.6	92.9	85.9
57.4	58.8	60.6	61.7	62.5	63.1	64.4	66.2	67.5	67.1	66.3	67.6	69.6	68.7	66.7	65.6	66.3	69.1	72.2	72.4	71.4	72.4	75.1	78.2	81.3	83.1	85	86.4	85.2	82.3	79.6	78.1	77.6	77.3	76	73.9	72.2	70.7	69.1	67.7	66.2	65.1	64.4	63.3	63.8	65.6	66.7	70.2	77.9	87.2	96.5	99.1	93.6	85.3	77.3	71.9	69.4	65.7	61.5	58.9	55
64.4	66.4	68.1	67.2	65.4	65.6	66.4	66.7	66.8	66.4	67.3	70.2	73	73.3	74	76.9	79.6	81.2	81.9	82.5	83.7	84.5	83	79.6	76.6	74.7	73.6	73.3	71.5	69.6	67.8	67.1	69.1	72.5	74.7	72.7	67.5	62	60.4	62.4	65.7	69.2	72.4	76.5	84.8	99.7	110.9	110.5	103.5	95.9	87.2	78.4	72.7	67.3	63.4	60.6	55	48.3	43.7	41.3	39.5
66.4	66.7	66.2	65.5	66.2	69.1	71.8	71.8	71.7	74.2	78.8	83.6	86.4	87.8	89.2	89.9	87.7	83.1	78.8	75.7	74.8	74.6	72.5	69.4	66.5	65.1	65.3	68.4	71.7	70.4	64.3	58.4	56.2	58	61.2	62.8	62.1	62.4	67.2	75.2	84.1	90.3	89.2	83.6	80.5	78.3	76	73.3	69.7	64.7	59.6	55.3	51.8	49.1	46.3	42.7	39.4	37.2	35.8	35.5	36.6
71.8	71.8	71.8	74.5	79.1	83.8	86.9	88.9	91.6	93.9	92.7	88.1	82.5	78	76.4	76.3	74.8	71.2	67.7	66.5	66.9	67.5	66.9	64.1	59.2	54.8	53	53.9	56.9	60.1	62.7	65.3	69.4	74.4	78.6	80.4	77.7	72.5	68.5	67.7	68.4	67.3	64	59.4	55.2	52.3	49.8	47.2	44.8	42.7	40.9	40.1	39.8	40.5	42.2	44	45.5	46.9	47.6	46.9	45.9
86.9	88.8	91.6	94.8	94.6	90.4	85.4	82	80.4	79.9	79.2	76.7	73.9	72.9	72.9	70.9	65.4	58.4	53.3	52.3	53.6	55.1	57.2	61.5	65.8	68.6	72.8	79.2	83	81.1	75.9	70.6	68	68.8	70.9	71	67.8	62.3	57	52.6	48.4	44.5	41.7	39.1	37.7	37.3	37.8	38.8	40.8	42.7	44	46	47.5	48.4	48.9	48.7	48	48.8	49.9	50.2	50.4
85.5	84.2	84.5	83.4	80.6	77.7	74.6	72.7	73.3	73	69.3	63.9	58.2	54.1	52.8	54	56.6	59.5	62.7	66.4	70.8	75.8	79.8	79.8	75.5	70.2	66.5	65.5	65.5	64.1	61	56.7	51.2	45.7	41.9	39.8	38.7	38.6	38.9	38.9	38.7	38.7	39.6	42.2	45.2	47.5	49.4	51.2	51.8	51.4	51.4	52.2	53	54	54.6	53.7	51	47.9	45.2	43.8	42.4
72.8	71.7	71.5	71.3	68.6	62.3	56.3	54.1	55.5	57.4	59.1	61.9	65.2	69.6	76.3	82.9	84.4	79.9	75.1	73.7	74.9	75.1	73	69.4	63.2	55.3	49.3	45.9	44	42.5	40.3	36.8	33.8	34	37.6	41.5	42.8	43	45.3	50	53	53.7	53.8	53.5	52.3	52.3	52.7	52.6	53.4	53.6	51.2	47.8	44.4	40.3	36.6	34.1	32	30.8	30.5	28.8	26.4
56.3	54.2	55.8	57.8	59.4	61.7	65.4	71.7	79.9	86	86.9	81.7	74.7	70.5	70.2	70.3	69.3	66.7	61.6	54.7	48.7	44.4	41.2	39.5	38.5	38.4	39.2	40.9	42.2	43.1	44.5	46.5	48.5	50.4	52.6	54.8	56	54.3	51.1	49.4	49.6	50.3	51.3	51.8	51.4	49.6	45.8	41	36	33	31.4	28.9	26	23.3	21.8	21.6	23.7	27	30.6	33.8	36.7
65.4	71.6	80	87.1	89.7	84.8	78.8	76.3	75.8	75.4	73.3	69.3	64.3	57.9	51.6	46.5	44.4	44.1	43.3	41.3	39.7	40.1	42.5	45.7	47.9	48.4	49.4	51	51.9	51.1	49.6	48.9	49.1	48.9	48.4	49.2	50.6	50.7	49.1	46.3	43	39.3	36	33.6	31.2	28.7	26	21.6	16.7	13.9	14.4	16.5	18.3	19.3	20.8	23.6	26.5	28.8	32.4	38.6	50.2
78.8	76.4	75.9	74.5	71.3	66.9	62.3	56.7	51.1	48	48.2	49.1	47.2	42.7	38.3	36.8	39.2	43.5	46.3	46.4	46.6	48.3	49.6	48.9	48	48.7	50.3	51	50.7	50.6	50.6	50	47.4	43.7	40.3	38	36.3	33.5	29.6	25.3	21.9	19.4	17.9	18.5	21.3	25.3	27.8	28.8	30.2	34.8	40.9	46.6	51.7	60.8	69.6	80.2	94.8	108.5	119.8	125.5	129.6
62.3	56.7	51.1	48.2	48.1	48.1	46	42.2	39.3	39.5	42.7	46.7	48.7	48.7	48.9	49.7	49.5	48.2	47.7	48.5	49.9	51.2	51.8	50.8	48.4	46.7	44.9	42.5	38.8	35.5	33.5	30.5	27.1	22.5	18.5	15.3	13.6	15.8	18.7	21.3	23.5	25.7	28.8	33	39.1	45.8	52.9	64.5	85	103.9	120.8	138.1	157.4	179.4	195.8	198.1	183.2	163.9	149.4	137.7	125.3
46	42.2	39.1	38.9	42	46.3	49	49.6	50.4	51.4	51	49.2	48.3	48.9	50	51.1	51.9	51.4	48.8	46.3	45.1	43.8	41.7	38.8	36	33.6	29.2	24.1	20.8	19.3	20.1	22.4	25.6	27.6	28.2	29	30.6	33.9	38.2	42.8	46.6	52.6	66.4	85.3	105	122	138.1	156.8	176.3	183.1	168.8	150.7	142.9	139.1	130.2	115	98.5	83.6	71.6	60.9	50.8
49	49.6	50.2	51.3	51.3	49.9	49.1	49.7	51.2	52.3	52.9	52.5	50.5	48.5	47.5	46.6	44.9	41.9	39	35.9	33	29.9	25.6	21.2	17.5	15.9	18.1	22	25.3	25.1	23.6	24.1	26.1	29.2	33.4	38.5	44.5	52.3	62.2	71.8	79.4	86.4	93.6	99.9	101.8	97.2	92.3	89.8	83.8	75.3	66.6	59.3	53.7	48.5	43.7	40.5	38.7	38.2	38.2	38.4	41.7
49.1	49.6	50.8	51.7	52	51.6	50	48.6	48	47.6	46.2	43	39.5	37	34	30.5	27.4	24.8	22.9	23.9	27.7	31.6	34.1	35.7	36.9	38.7	40.8	43.6	47.1	51.7	57.1	62.9	67.9	71.9	74	75.1	75.5	75.4	74.4	71.7	68	65.2	63.5	62.3	58.6	51.7	45.1	41.9	41.1	40.3	39.5	40	41.5	44.3	50	58.7	69.1	79.9	90.9	101.7	109.3
50	48.5	47.9	47.2	45.8	42.3	38.8	35.9	32.4	28.9	25.8	24.3	23.7	25.6	29.7	33.9	37.3	39.1	40.7	42.7	46.3	50.5	55.1	60.5	66.5	72.4	77.5	81.6	84.8	87.1	87.6	86.6	85.1	82	77.9	74.6	68.8	60.1	53.4	50.2	47.7	43.7	38.5	34.1	32	31.7	32.9	36	42.3	50.4	59.9	70.8	82.8	96.3	108.9	118.9	123.3	118.7	107.5	95.5	85.6
38.8	36	32.4	28.6	25.2	23.5	23	24.7	29.3	34.9	39.4	42.2	44.6	47.7	51.8	55.6	59.1	63.1	67.5	72.4	78	83.1	87.1	88.3	86.4	82.9	77.9	71.5	65.8	62.6	59.5	55.4	50.1	44.6	39.7	34.9	31.2	29.1	28.8	29.6	30.8	35.2	43.4	54.7	68.1	83.9	99.6	111.9	122.1	127.4	126.5	119.8	111.2	101.7	90.4	77.6	67.1	60.1	54.5	46.6	36.4
23	24.2	27.4	32.5	36.9	39	40.9	43.7	46.5	48.4	52.1	58.3	64.7	71.4	78.4	84.6	89.8	93.2	93.2	90	84.9	78.6	73.5	70.7	66	58.1	50.1	44.3	40.8	38	34.5	30.8	29.1	30.5	34.6	40.5	47.6	56.5	66.8	78	88.2	97.5	105.6	109.1	105.7	96	85.7	78.3	75.2	74.3	72	67.6	61.6	54	45.2	38	34.8	35.7	38.2	39.3	39.4
40.9	43.6	45.6	47.6	52.5	60.3	68.7	77.7	86.4	95.5	104.5	110.5	110.8	105.5	97.5	88.7	76.3	63.8	55.3	51.2	49.6	47.2	42.5	36.4	30.7	27.4	28.3	33.5	41.2	48.7	54.9	60.7	66.6	73.4	82	91.7	99.1	98.8	90.3	79.5	72.2	71.1	74.2	77.4	76.6	71.9	64.6	55.5	48.5	44.7	42.7	40.8	39	39.2	41.5	44.7	47.8	49.9	51.8	54.4	57.3
68.7	77.5	85.7	93	99.3	105.3	108.2	104.1	93.5	83.3	73.8	64	54.3	48.5	47	46.2	43.2	37.5	30.9	28	31.4	38.4	44.9	50.4	55.3	60.2	65.4	71.4	81.1	94.1	104.2	104	93.4	82.7	77.6	77.8	79.1	77.4	71.4	63.9	56.2	49.5	44.6	41.6	39.7	37.6	36	36	37.4	40	43.9	47.9	51.4	55.6	60.7	65.8	70.2	73.8	75.6	75.9	75.9
108.2	104.5	94.7	85.4	74.5	62.8	53.2	48.6	46.7	45	41.9	37.3	32.6	30.9	33.3	36.9	40.1	44.6	49.7	54.2	58.1	63	72.7	89	101.6	102.2	94.6	87	82.8	80.9	79.3	76.7	73.6	68.7	60.9	53.4	47.4	43.1	39.4	35.5	33.2	33.4	35.4	36.9	38.4	41.2	45.3	50.2	55	59.4	63.3	66.3	68.8	71.3	72.9	73.5	73.7	74.6	75.2	73.9	71.9
53.2	48.6	47.1	45.3	41.7	37.1	32.8	31.5	33.7	37	41.1	48.9	57.4	63.4	66	68.1	75.6	88.4	98.7	101.4	97.1	90.4	85.1	81.4	79.1	78.3	77.6	74.2	67.2	59	51.8	46.3	43	41.7	40.9	40	39.9	39.9	40.4	41	42.7	45.9	50.5	55	58.3	60.6	62.3	63.9	65.6	67.7	70.3	72.5	73.6	74.7	76.3	77.2	76.3	74	70.7	66.7	62.5
32.8	31.3	33.2	36.9	41.4	48.6	57	63.8	69.4	77.4	90.2	102.5	107.8	104.2	96.7	91.9	88.9	86.6	84.2	81.4	76.8	69.8	61.6	54	47.6	43.1	40.6	39.3	38.9	38.8	39	40.3	42.3	44.5	47.8	52.6	58.1	62.7	65.3	67.1	68.8	70.6	72.2	73.3	73.4	72.5	70.9	69.5	68.6	66.9	64.1	61.2	58.8	57	56.3	56.5	57.1	57.8	58.5	59.6	61
57	63.5	68.9	78.1	92.4	104.5	108.7	105.5	99.2	94.5	91.1	89.8	89.2	87.7	83.7	75.5	65	55.1	47.7	43.7	42.6	43.2	42.3	39.9	38.2	38.3	40.3	44	48.6	53.5	58.6	63	65.1	65.7	66.5	67.2	68.4	70.1	71.2	70.7	69.1	67.5	66.1	64.5	62.4	60.1	58.9	58.6	58.4	58.5	58.5	58.3	58	58	57.7	57.4	58	59.3	60.6	62.2	64.7
108.7	105.6	99.3	95.1	92.6	92.1	91.3	88.3	82.5	73.9	64.7	56.6	49.7	44.1	41.7	41.4	40.8	39.3	38.1	38.2	40.1	43.9	48.5	52.9	57.7	62	63.8	64.9	66.2	67.4	69	70.4	71.3	71.1	69.8	67.8	66.2	64.9	63.5	62.4	61.4	60	58.1	57.1	57.4	58.4	59.1	59	58.2	57.9	59	61.3	64.3	67.6	71.4	75.1	78.4	80.4	81.5	82.1	82.9
91.3	88.3	82.9	75.2	66.5	57.8	50.4	44.9	41.5	40.3	39.7	39.5	39.9	40.9	42.5	45.5	50	55.2	60.7	64.7	66.5	67.5	68.5	69.3	70.7	72.4	73.4	73	71	68.3	65.7	63.8	62	60.5	58.9	57.1	55.6	55	55.7	57.2	58.2	58.4	58	57.9	59.2	62.1	65.2	68.1	70.3	72.2	72.4	71	69.2	67.7	65.3	63.8	63.8	68.1	79.9	92.4	95.9
53.3	48.8	44.3	40.2	37.9	38.4	40.6	42.5	43.8	46.1	50.2	55.9	61.6	65.4	67.3	68.5	69.6	71.4	73.7	75	74.3	73.1	71.1	68.7	66.7	65.2	63.4	60.8	57.8	55.1	53.1	52.4	52.7	53.6	54.2	53.8	52.9	52.3	52.9	54.9	57.7	60.5	63	65.5	69	72.4	71.7	68.6	67.6	69.1	73.6	81.4	90.9	100.1	104.7	104.5	107.3	113	112	103.4	94.1
39.9	41.7	44	46.9	51	56.2	61.6	65.5	67.4	69	71.1	72.6	72.9	72.3	71.3	70.3	69.2	67.6	65.5	63.4	61.3	59.2	57.2	55.8	54.7	54.2	54.3	54.8	55	55.1	54.7	54.3	55	57.2	60.6	63.8	65.4	65.5	65.7	67.6	70	72.4	75.5	79	81.8	85.1	87.9	88.9	89	88.4	88.2	87.4	84.9	83.7	84	83.6	81.1	77.5	74.5	71.3	67.9
61.6	65.6	67.5	69.1	71.1	72.8	73.1	72.5	71.7	70.9	69.6	67.4	65.4	63.5	61.7	59.9	58.2	56.9	56	55.3	54.5	54	53.8	53.6	53.7	54.3	55.3	56.6	58.9	61.4	62.9	63.5	63.7	65.4	69	72.5	75.5	78.7	83	87.6	90.9	91.3	89.9	89.1	89.8	91.2	90.5	88	85.3	82.8	80.5	77.8	74.7	72.3	69.8	66.6	63.8	61.9	59.8	58.9	59.4
73.4	73.7	74	74.3	73.1	70.4	67.8	66.5	65.5	63.2	60.3	57.6	55.5	54.1	53.9	54.6	54.5	52.6	50.7	50.9	52.4	54	56.1	59.5	63.4	66.5	68.7	71	72.2	72.3	74.3	80.5	90.2	99.8	103.8	102	97.9	95.5	96.4	99.9	102.7	101.1	93.9	83	73.2	67.5	64.1	61.2	58.3	54.7	50.9	48.2	47.6	48.9	50.7	51.9	51.1	50.2	51.2	53.3	55.2
67.8	66.6	65.5	63.2	60.6	58.1	55.9	54.6	54.6	55.8	56.4	55.2	53.1	52.2	52.9	54.2	56.1	58.8	61.3	63.2	65.9	69.6	72.1	73.6	76.3	81.1	88.8	96.9	99.3	97.1	94.3	91.6	88.9	88.2	90.6	92.2	90.1	83.9	76	69.1	64.9	62.5	60.5	58.5	56.7	55.3	53.4	52.2	52.2	52.4	52.9	53.8	54.2	52.8	51.1	50.2	49.7	48.7	46.8	44.1	41.5
55.9	54.5	54.3	55.3	56.1	54.8	53.1	53.2	54.1	54.7	55.8	58.4	61.7	64.5	67.4	70.6	74	77	79.9	84.9	90.2	93.9	95.7	95	94.3	93.3	91	87.3	83.3	81.3	79.9	77.4	73.6	68.4	63	59.3	58.5	59.9	61.3	60.8	58.7	57	56.3	55.7	54.7	53.7	52.9	51.8	50.2	48.4	45.8	43.2	41.2	39.4	36.5	33.4	31.4	29.8	28.1	28.6	32.6
53.1	53.2	54.5	55.8	57.2	59.1	60.9	62.8	65.3	68.7	72.2	75.9	79.3	83	88.3	92.3	94.9	96.4	98.2	97.5	94.2	91.2	89.3	86.7	81.9	75.4	70.6	68.2	68	68.8	68.2	65.4	61.8	59.4	58.5	57.4	55.6	53.7	52.8	52.8	51.5	48.2	44.7	42.8	41.8	39.8	37.7	36.5	34	30.5	26	24	26.5	32.9	40.9	48.3	55.6	62.4	69.2	75.1	79.4
60.9	62.7	65.5	69.8	73.4	76.9	80.7	84.5	87.8	91.2	94.9	98	100	98.5	94.2	89.8	88.1	86.8	82.4	76.3	72.6	72.1	72.7	71.7	69.4	66.9	64.7	63	61.9	61	59.8	58.5	56.8	55.2	54	52.8	51.6	49.3	47	45	43.4	40.8	36.5	32.3	28.9	26.5	25.4	27.6	34.5	47.3	63.7	81.6	96.7	106.9	112	114	118.7	124.9	127.8	124.5	116.3
80.7	84.4	88	92.6	97.1	101	101.3	98.4	95.3	93.8	92.7	88.6	81.9	75.6	72.9	73.9	75.9	75.7	72.9	70.2	69.2	69.5	69	66.7	63.8	60.7	57.7	55.5	53.8	51.7	49.6	46.8	43.6	40.9	38.4	34.2	28	22.7	20.4	22.4	24.4	25.5	32.6	49.1	71.2	92.8	108.1	115.7	117.5	117.9	121.9	129.2	137.7	144.6	144.6	135.3	122	108.6	98.6	93	90.4
101.3	98.2	94.6	92.3	91	87.8	82.6	77.8	75.8	76.9	78.3	76.6	73.2	71.1	70.7	71.1	71.1	69.3	66.6	63.8	61.4	59	55.9	52.7	50.8	49.2	46.8	44.4	40.4	35.1	29	23.4	20.8	20.3	20.6	22.7	29.1	40.6	57.4	79.1	101	118.6	128.3	131.8	132.3	131.6	129.7	126.9	124.2	121.4	116.4	109.2	102.4	96.3	87.7	77.6	69.4	65	63.4	63.2	62.6
82.6	78	76.5	77.7	79.3	77.8	74.1	71.4	71	72.2	73.1	72.2	70.1	67.5	64	59.9	55.5	52.1	50.5	49.1	46.3	41.7	37.2	31.5	23.7	17.7	16.1	19.5	26.3	34.4	45.8	63	83.6	103.6	117.6	123	123.6	123.1	126.5	133.8	137.7	134	124.8	113.3	102.2	93.9	87.7	80.3	72.3	65.3	59.3	53.8	49.5	48	48.3	50.1	51.5	51.8	52.3	53.7	55.7
74.1	71.7	72.4	74.1	74.8	73.9	72.7	70.5	67	62.4	58	55.1	54.4	53.2	48.9	42.2	36.1	31.2	27.6	25.3	23.8	22	21.1	24.8	35.4	51.2	69.8	90.3	106.8	116.6	123	127	127.6	125.3	122.8	119.5	114.5	108.8	102.2	94.4	84.9	73.8	63.5	55.8	49.4	44	40	37.9	37.6	38.9	41.5	44.4	46.7	49.3	52.9	57.3	61.3	63.8	64.8	65.6	66.8
72.7	70.4	66.7	62.5	58.6	56.2	55.4	54	49.3	42.9	36.9	32.4	28.8	25.3	23.7	23	24.5	30.4	40.5	54.9	74.5	94.9	109.2	116.9	121.4	123.7	123.5	120.2	115.3	109.9	104.3	97.8	90.6	84	77.6	70.3	61.7	52.9	44.8	38	33.1	31.7	34.2	38.2	41.2	43.4	45.9	49.1	53.6	58.8	63.2	66.4	68.9	70.9	72	72.3	72.4	73.5	75.3	76	74
55.4	53.9	49.3	43.1	37.1	32	28.1	24.5	22.2	20.7	23.7	32.7	45.2	62.8	84.3	104.2	117.4	124.1	126.9	127.2	125.9	122.6	118.2	113.3	108.9	103.4	97.6	92.1	85.1	74.8	62	50.3	42.7	39.6	39.9	42	44.3	46.3	48.1	50.4	54.2	59.4	64.8	69.9	73.5	74.4	72.9	72	72.7	74.7	76	74.9	72.9	70.5	68	66.3	64.9	62.5	60.4	60.4	60.8
28.1	24.4	21.6	19.2	21.9	31.2	45	64.2	86.8	106.1	117.9	124	127.9	129.2	127.4	123.6	119.8	115.8	112.3	108.6	102.3	92.8	81.6	71.1	62.6	56.5	51.1	45.5	41.3	40.6	42.3	44	44.9	46.1	48	51	55.3	59.4	63.2	66.2	68.9	72.3	75.1	76.2	75.4	74	72.6	71.2	70.4	70.5	69.9	66.7	63	61.5	63	65.1	65.9	65.5	65.8	67.7	69.6
45	64.1	86.5	106.8	119.4	124.6	126.9	127.9	129.5	131.1	131.2	127.5	121.1	113.3	104.2	94.5	84.2	73.7	64.5	56.4	49.8	45	42.4	41.9	42.7	44.1	45.7	47.9	50.6	53.7	57.6	61.6	64.6	66.3	68.2	70.7	73.6	75.9	75.2	73	70.8	68.5	66.6	65.9	65.2	63.4	61.6	59.8	57.8	56.7	57.5	59.7	61.9	63	63	63.4	64.3	65.2	66.6	69.1	72.3
126.9	127.9	129.4	132.5	135	132.8	128.6	122.9	113.9	101.5	88.6	77.4	67.1	58.8	53.3	48.4	43	39.2	38.2	39.5	42.2	45.1	47.4	50.1	53.9	58.2	62.2	65	67	69.8	73.3	75.2	75.2	74.1	72.3	70.7	69.2	67.2	65.9	64.9	63.1	60.7	58.4	57.3	59.1	62.1	63.3	62.4	62.4	64.2	66.2	67.5	68.9	72.2	77.1	80.8	83	84.7	87.6	90.8	93.3
128.6	122.9	114	102.8	90.9	79.1	68.7	60.9	53.6	46	39.6	36.2	36.5	39.7	43.1	45.4	47.8	50.9	54.9	58.6	62	65.1	67.7	70.7	73.9	76.1	76.5	74.3	72	71.4	70.6	68.3	66.5	66.4	65.1	62.4	60.5	60.8	62.4	64	65.3	66.5	67.7	68.8	69.8	72.4	76.9	80.9	83.1	85.3	89.2	93.2	95.2	95.6	96.6	97.5	98.1	98.2	99.2	101.4	102.1
68.7	60.8	54.2	47.6	41.6	37.6	37.6	40.9	44.6	47.1	49.6	53	57.2	61.3	65.4	68.7	71.4	74.3	77.2	78.9	78.3	76.6	75.4	73.8	70.6	67.9	67.1	66.5	64.6	61.8	60.7	61.4	62.5	62.7	62.7	64	66.7	70.2	73.6	76.5	79.7	82.6	85.6	88.6	91	93.3	96.7	100.8	102.5	102.3	103.6	105.7	107.5	107.9	106.1	102.1	98.1	95.4	92.5	87.8	82.8
37.6	40.9	44.6	47.2	49.5	52.5	56.3	60.6	65.2	68	69.9	72.7	76.7	80.3	80.9	79.5	78.6	77.9	76	73.9	72	69.2	65.7	63.9	64.3	65.1	65.4	65.4	65.6	67.3	69.4	71	73.6	76.8	79.6	83.1	87.7	92.2	95.5	98.5	100.3	101.5	102.5	103.6	103.6	103.5	103.2	103.1	102.2	99.5	94.6	88.7	83.4	79.5	78.1	78	78.1	78.8	79	76.9	75.3
56.3	60.9	65.8	68.3	69.3	71.5	75.2	78.5	79.3	78.2	77.2	76.5	75.1	73.4	72	69.5	66.5	64.7	64.9	66.1	66.9	66.4	66.1	68.2	71.5	74.5	76.6	78.7	81.8	86.2	90.6	93.1	95.3	97.5	98	96.7	96.8	98.9	101.1	102	101.3	99.8	97.3	94	89.6	85.3	82.7	79.9	76.7	74.7	73.1	71.1	70.3	71	72.5	75.4	77.7	77.2	77.8	81.7	85.7
75.2	78.5	78.9	77.3	76	75	73.8	72.5	71.4	68.9	66.2	64.8	64.9	65.9	66.7	66.6	67.5	70.4	74.4	77.3	79.6	82.4	85.8	90.5	95.5	98.3	98.7	98.9	98.8	99.8	104.6	109.5	110.7	108.6	106.1	103.4	101.4	99.3	95.4	90.4	85.9	81.6	77.8	74.2	72.7	74.3	75.3	72.6	69.8	69.9	71	73.3	77.9	81.8	83.9	86.9	91.4	94.1	94.5	94.3	95.4
73.8	72.5	71.3	68.9	66.5	65.1	65.1	65.8	66.4	66.4	68	72.3	76.8	79.7	82.1	84.9	88.5	92.8	96	97	97.2	98.1	98.7	99.5	102.5	107.6	110.9	110.2	107.9	104.7	100.1	95.6	92.2	89.8	86.8	83.4	79.6	74.8	70.4	67.1	65.4	64.9	65.4	67.2	68.8	69.7	71	73.9	77.7	81.2	85.1	89.5	93	94.9	96	97	97.2	96.4	93.8	89.9	88
65.1	66	66.8	66.7	67.9	72.5	77.4	80.1	82	85.3	89.2	93.9	97.6	98.9	98.9	98.4	97.1	98.8	103	106.8	109.8	111	109.8	105.7	99.8	94.4	91.4	91	91	90.2	86.9	80.6	74.4	72.2	72.5	72	72	72.8	73.1	73	74	77	80.4	83.1	85.1	88.5	91.6	92.2	92.5	93.5	93.7	92.3	88.9	85.8	84.5	83.3	82.3	83	82.7	78.1	71.8
77.4	80	82	86	90.8	95.2	98.6	101.1	102.7	103.7	103.3	103.8	106.8	110.3	113.3	115	113	108.1	101.2	95.1	91.8	90.3	87.6	82.1	75.7	70.5	66.6	66.8	69.2	69.9	69.8	70.5	71.4	72.2	75.2	79	82	84.6	88.2	92	94.1	94.7	95.1	95.5	94.9	92.1	88.1	85.3	83.6	83	83.1	82	78.8	74.8	71.9	70.2	68.8	67.7	67.4	67.7	68
98.6	101.1	102.6	104.4	105.3	106.1	107.5	109.9	113.8	116.8	116.3	112.6	106.9	101.1	97.6	94.7	89.9	83.5	77.2	71.7	68.3	67.5	67	66.5	66.7	67.1	67.9	70.1	73.5	77.4	81.5	85.3	87.9	90.3	92.3	93.2	94.2	95	94.6	93.2	92.1	90.6	88.2	85	82.3	80.3	78.1	74.4	71.2	69.5	67.8	66.2	66.1	67.4	68.6	67.9	65.7	64	64.4	65.5	66.4
107.5	109.9	113.8	116.9	116.4	112.8	107.1	101.5	98.4	95.8	92.2	87.1	80.9	74.9	72	72.7	73.2	72.7	72.7	73.7	74.1	73.9	74.6	77.2	80.2	82.5	85.1	88.2	90.5	91.5	92.1	92	91.3	89.6	86.9	84	82.5	81.1	79	77.4	75.4	71.3	68.2	67.3	66.2	64.6	64.5	66	67.4	67.2	65.7	65.5	67.4	69.6	71.6	72.8	71.9	69.8	68.6	67.6	66.6
107.1	101.5	98.5	95.7	91.1	85.6	80.2	75.1	71.8	71.6	73.7	75.4	75.9	75.8	75.3	74.9	76	78.2	80.9	83.6	86.5	89.2	91.2	92.5	93.6	94.4	94.2	92.6	89.6	87	85	83.2	82.1	81.1	77.7	72.8	70.9	70.1	67.6	65.4	64.9	65.7	66.2	65.1	63.6	63.3	63.6	64.4	66.2	67.7	66.7	65.1	65.1	65.8	65.4	64.6	64.9	65.7	66.3	66.7	66.9
83.2	77.5	73.5	72	72.6	73.3	74.5	75.8	75.6	74.5	75	77.5	80.9	85.3	89.7	92.2	92.9	92.7	92.4	92.8	93.2	91.8	89.8	88.4	86.8	85.1	83.2	78.9	75.2	73.4	71.1	69.1	69.7	71.1	71	69.8	68.5	66.8	65.7	66.1	66.8	67.4	67.5	66.7	65.5	65.2	65.8	65.9	64.9	63.6	62.6	62.8	64	64.2	64	64.1	64	63.3	63.3	64.1	65.5
74.5	75.7	75	73.8	75.1	78	81.9	86.6	91	93.1	93.9	94.6	94.1	93	92.6	91.7	88.8	86.2	85.1	83.1	80.8	78.1	74	70.5	69.7	69	67.9	68.2	69	69.1	69	68	67	66.5	65.5	65.5	67	68.5	67.7	66.1	64.9	63.9	63.5	63.4	63	62.6	62.9	63.3	63.1	62.7	62.8	64.2	66.2	68	69.4	70.7	72.1	73.3	74.7	76.9	79.3
81.9	86.4	90.5	92.5	93.2	93.8	93.4	92.7	92.8	92.4	90.4	87.8	86.2	84	81.7	79	75.8	72.4	69.2	67.5	67.5	68.5	68.6	68.6	68.6	67.4	66.4	65.9	65.6	67	69.7	71.1	69.8	68.5	67.4	66.3	66.3	67.2	67.9	67.9	68	68.2	67.5	66.1	65.6	67.8	71.1	73.6	75	76.8	78.3	79.4	81.4	85.1	90.2	94.7	97.1	98.7	102.8	108.8	114.9
93.4	92.5	92.1	91.4	89.3	87.5	86.9	85.1	82.7	80.2	77.3	73.7	71.1	69.4	68.6	69	68.6	67.4	67	66.8	66	65.8	67	68.1	69.1	70.1	70	69.8	69.6	69	68.7	69.8	71.4	72.8	74.1	74.9	75.2	75.8	77.7	80.2	81.8	82.9	83.8	84.6	85.3	86.6	90	95	100.5	105	108.7	113	118.5	121.6	120.1	116.3	112.7	111.4	113.1	114.3	112.4
86.9	85.3	83.2	81.2	78.1	74.2	71.5	70	69.3	70	70.2	69.3	68.6	67.3	66.4	66.6	67.3	67.6	67.3	67.8	69.6	71.1	70.4	68.5	68.2	68.9	70	70.8	71.4	72	72.7	73.2	74	75.8	78.4	80	81.3	82.2	82.7	84.7	88	91.9	97	102.2	106.5	111.3	115.9	119	118.9	116.2	113.6	111.9	110.1	106.9	103.8	100.2	94.9	88.9	84.6	83.2	83
71.5	70	68.9	69.7	69.9	69.2	68.7	67.7	66.6	66.3	66.5	67.3	67.3	68.5	70.7	71.7	69.6	66.3	65.6	66.7	68.8	71.1	71.7	71.5	70.7	70.2	70.6	72.8	76.1	78.4	80.2	81.8	82.6	84.3	88.1	94.3	100	103.8	107.9	114.1	120.3	123.6	125.6	126.8	126.2	123.7	120.2	116.9	114.3	110.4	104.5	99.1	96.5	95.6	93.1	90.5	88.4	86.9	85.8	86	89.7
68.7	67.8	66.8	66.5	66.6	67.2	67.4	68.2	70	70.9	69.6	67	65.8	67	69.8	72.6	73.9	73.1	71.9	71.4	72.2	74.7	77.7	79.2	80.5	82.5	83.6	84.6	87.1	90.6	94	97.9	104.1	112.2	118.2	120.3	119.9	119	116.9	114	110.9	108.2	105.7	103.8	102.1	101.2	99.4	95.4	91.1	89.1	88.8	89.2	91.5	94.4	97.8	102.8	109.7	115.7	117.8	117.6	119
67.4	68.4	70.1	71.3	70.2	67.6	66.2	67.2	69.9	72.4	73.5	73.3	72.5	72.1	73.6	77.1	80	80.5	81.6	83	83.9	85.2	87	89.5	92.7	97.4	102.3	108.9	116.1	119.9	118.7	115.5	113.1	111.6	110.6	109.2	106.5	103.1	99.5	95.6	92.2	90.2	88.6	87.8	88.7	88.7	87.2	87.6	90.6	95.7	102.5	112.4	121.7	124.6	123.5	124	127.6	130	130.1	129.2	129.3
66.2	67.2	70.1	72.9	74.2	74	73.5	74.1	76.2	80.1	83.4	85.3	86.3	86	85.7	87.9	91.8	94.8	98.2	105.3	113.9	119.6	121.5	119.2	115.6	113.3	113	112	109.7	107.2	105.3	102.7	98.4	93.1	89	87.5	88.2	88.8	87.6	85.3	83.2	82.1	83.8	89.5	97.7	107.9	119.4	126.6	127.3	127.3	130.5	133.7	134.6	136.5	139.4	139.4	135.4	128.7	121	111.5	101.8
73.5	73.9	76.3	80.5	84.3	87.3	89.1	89.5	88.8	89	92.4	98.4	106.3	114.8	122	125.3	124.7	121.8	118	114.7	112.5	110.3	106.9	101.9	98.8	98.7	97.6	93	87.3	82.9	81.1	80.7	80.5	79.4	78.1	79.1	83.6	91.4	99.9	109.7	121.5	129.5	133.4	136.5	139.1	141	144	149.6	155.3	159.4	158.7	151.4	139.1	128.7	122	114.1	105.1	98.1	93.1	87.5	82
89.1	89.4	89.2	90.2	93.6	99	106	114.5	122.8	128.8	130.5	127.8	122.8	117	113	110.5	107.2	103.7	102.5	101.1	97.9	92.3	86.6	84.5	84.6	83.8	81.4	78.5	76.8	78.6	82.9	90	100.8	114.2	126.1	132.4	136.2	139.4	142	145.7	149.1	152.6	157.8	162.1	161.1	156.1	149.7	141.5	133.3	125.4	115.2	103	93.8	90.5	90.1	87.3	80.1	71	63.5	59.4	59.5
106	114.8	123.5	129.3	131	129.3	126	121.9	118.2	115.2	111.2	106.1	101.7	99.5	96.6	91.9	88.2	86.7	86	83.9	81.7	79.6	76.3	74.8	77.8	85.4	96.9	109.6	121.4	129.8	135.2	138.6	139.2	138.1	140.6	149.2	158.6	164.5	164.9	159.4	151.9	145.2	139.1	132.5	124.3	114.5	105	97.2	91.3	86.1	80.6	76	72.2	67.6	63.6	62.4	62	62.1	66.3	72.1	77.2
126	122	118.7	115.1	111.4	106.9	102.8	101	99.1	96.2	92.3	88.8	86.1	83.8	81.8	78.9	77.1	78.2	82.7	91.4	104.5	118.8	128.7	133.4	136.4	138.4	140.3	145.2	154.6	162.4	164.9	163.2	158.8	151.2	142.6	136.4	130.7	124	116.4	107	96.3	86.8	80.4	76.6	73.4	69.1	64.7	62	61.1	60.5	60.3	63.1	67.7	71.2	73.4	75.3	78.3	81.5	83	82.5	81.5
107.9	107.1	102.7	97.6	92.3	86.9	83.4	81.8	80.5	82.8	87.4	91.9	98.1	105.7	111.6	116.4	122.7	131.6	139.8	145.2	147.7	151.1	159.7	165.2	166.2	165.5	162.9	155.2	146.1	139.3	131.4	121.9	113.8	108	102.5	95.9	88.4	81	75	70.5	67.2	65	62.9	60.4	59.8	64	69.6	74.5	78.9	83.3	88.4	94	96.7	94.7	89.5	81.5	74.1	70.4	70.7	75.7	82.2
86.6	84	81.4	81.5	84.3	88.5	95.1	105.3	116	125.9	134.8	142.7	147	148.4	149.6	152.3	160.1	165.1	162.8	157.3	150.4	142.2	135.5	129.2	120.6	110.2	100.5	92.3	86.6	83.2	80.3	75.6	68.8	62.2	58	56.3	55.4	56.8	60.3	63.5	66.8	71	75.6	78.7	80	80.3	78.7	77.8	78.7	80.3	79.3	76	72.7	71.9	74.4	76.9	78.6	79.9	81.3	82.2	80
95.1	105.7	117.7	127.2	134.1	140.3	144.1	145.5	148.6	153.6	158.8	160.4	156.9	151.7	145.5	138.5	131.6	124.3	115.3	105	95.3	88.4	83.8	81.1	78.9	75.2	68.9	61.7	56.4	54.9	56.1	58.9	63.9	68.6	72.1	75.5	79.3	81.9	83.8	84.6	83.6	81.4	80.2	81.3	83.3	82.6	78.8	74.2	73	74.9	77.6	79.1	80	80.3	78.1	74	71.9	72	74.9	79.2	82.2
144.1	146	150.1	155.9	161.5	163.5	161.9	158.7	153.2	145.9	138.9	130.4	119.7	108.7	99.7	93	88.2	84.1	80.6	76.6	69.8	61.6	56.5	54.9	55.6	59.8	66.6	71.4	72.8	76.2	82	86.5	90.3	92.3	91.9	90.6	89.9	90	89.2	86.8	83.3	79.2	79.3	82.3	82.7	81.4	81.4	81.5	79.5	76.4	74.6	75.7	79.9	83.8	86	86.6	84.9	80.4	75.6	72.9	72
161.9	159.8	156.2	149.1	139.3	128.5	117.4	106.4	99.5	96.3	92.4	86.3	80.8	77	72.9	66.9	61.6	58.7	57	58.4	64.7	69.9	72.9	76.3	81.7	88.1	94.4	97.6	97.2	95.2	92.6	91.1	91.5	91.7	89.6	85.5	82.9	82.1	81	79.7	78.8	77.2	73.9	69.7	66.8	65.6	66.9	69.9	73.3	76.1	77.5	76.7	76.2	77.6	79.7	80.8	81.1	80.9	80.2	78	75.6
117.4	106.6	99.9	95.6	90.7	84.3	79.4	77.3	73.3	66.3	60.8	58.5	57.5	59.7	66.2	71.8	74.8	78.9	84.1	88.3	91.9	94.8	94.7	91.4	87.8	86.8	88.5	88.4	84.7	80.7	79.6	79.8	79.5	78.7	75.9	72.8	70.6	68.4	65.9	65	67.2	71.4	75.6	78.6	79.9	80	79.5	79	79.8	80.5	80.5	80.5	80.7	80.9	81.3	82.7	84.8	86.8	88.4	88.5	86.4
79.4	77.2	73.2	66	60.8	59.2	58.5	61	67.8	73.3	75.7	79.8	86.3	92.2	96.3	98.9	98.9	95.9	92	89.4	88.3	88.3	86.4	82.7	80.3	78.7	76.8	75.7	74.2	71.5	68.7	66.5	65.3	66.6	70.1	74.9	79.7	83.3	84.6	84.4	83.7	82.4	82.2	83.4	83.8	83	81.8	79.6	76.4	74.6	77.7	84.2	90	93.3	92	86.8	80.6	74	67.5	62.8	60.2
58.5	61	67.9	74.1	77.1	81.1	87.5	93.4	97.1	100	100.6	97.5	92.7	88.8	87.2	87	85.4	81.6	79	76.5	74.9	74.6	72.7	69.3	65.5	62.9	62.2	62.8	65.3	69.1	73	76.4	79.1	81.3	82.7	84.4	86.5	88.4	89	87.8	86	83.5	81	80.1	81.6	85.1	90.9	96.2	96.3	91.3	83.9	74.3	66.5	61.5	57.9	54.2	50	46.4	42.2	36.5	31.1
87.5	93.5	97.7	101.2	101.2	97.1	92.6	89.8	88.7	87.8	84.9	79.9	77.2	77	76.9	76.2	74.1	70.2	66.1	63	61.8	63.3	67.1	71.5	74.6	76.8	78.6	80.4	82.4	84.5	85.8	86.4	87	88.1	89.1	89.1	89.1	89.5	88.6	86.3	85.1	85.6	85	81.4	74.4	67.4	62.3	59	57.3	55.9	54	51.7	48.7	44.3	40.5	38.6	37	34.8	32.2	32	35.5
92.6	89.7	88.4	87.9	85.2	79.7	77.2	78.1	78.6	78	75.6	71.4	67.8	66	65.1	65.6	68.1	71.4	73.5	74.7	75.2	75.6	76.6	77.8	79.4	80.8	82	83.1	84.4	85.1	85.2	85.7	86.1	86	86	85.9	84.5	80.5	74.3	68.7	65	62.6	60.2	57.2	54.3	51.6	49.2	46.4	42.8	39	34.3	30.6	29.4	30.7	33.2	35.9	38.6	43	49.4	55.5	59.4
77.2	77.9	78.4	79.3	77.5	72.9	69.1	67.2	66.5	67.1	68.2	70	71.9	73.8	75.4	77.3	79.9	82.3	84	84.7	85.8	88.3	89.3	89.1	89.9	90.1	88.8	86.5	85.2	84	81.3	76.4	69.8	63.6	60.3	58.8	56.8	54.4	53	52.6	51.7	50	48.1	46.3	44.8	44.5	44.4	44	43.3	43.1	44.5	47.5	51.2	54.5	57.2	59.9	62.7	65.6	69.1	72.1	74.3
69.1	67.2	66.1	66.8	68.2	70.3	72.9	75.6	77.8	80.1	83.1	84.5	84.3	84.4	85.2	86.9	87.4	86.4	85.1	84	83.9	85.1	85.6	84.8	83	80.1	76.1	70.1	64.4	61.5	60.2	58.2	54.5	51.8	51.1	50.3	48	45	43.4	42.6	41.6	40.7	39.6	38.4	38.8	42.3	47.9	52.4	54.7	57.2	61	64.2	66.1	68.2	70.4	73.2	76	77.2	76.7	75.2	73.5
72.9	75.6	78.2	81.6	84.9	85.4	84.7	84.6	85.1	86.7	87.8	86.8	84.7	84.1	84.1	83.8	83.9	83.4	80.6	76.5	71.9	68.1	66	64.2	62.4	60.6	57.4	54.2	52.4	51.5	50.6	49.2	48.3	47.3	46	44.4	43.1	42.6	43	44.4	47	49.9	52.7	55.4	58.5	62	65.6	68.8	71.8	74.4	76.1	77.8	79.3	79.7	79.2	78.5	77.1	75.1	73.1	71.3	70
84.7	84.6	85.7	87.7	88.7	87.3	85	84.1	83.8	84.1	85.5	85.3	82.1	77.8	72.3	67.1	63.3	61.7	61	59.1	56.4	53	50.5	50	49.1	46.8	44	42	40.6	38.8	36.7	35.8	38.4	44.5	50.3	53.8	56.1	58.7	62.2	66.8	71.9	76	79.3	82	83.6	83.8	82.6	80.9	79.1	77.2	74.9	71.8	68.6	66.9	66.4	65.5	63.6	61.7	60	59	59.5
85	83.7	83.1	83.8	85.9	86.3	83.1	77.8	71.7	67.3	65.1	64.3	63	60.8	58	54.2	51.4	50.2	48.6	45.5	41.7	38.7	36.5	35	32.5	30.6	30.7	32.4	34.9	38.1	42.2	46.8	52.6	58.8	64.5	69.5	73.9	77.3	80.2	82.5	83.2	82.7	81.9	80.8	79	76.3	72.8	69.6	67	64.7	62.4	60.5	59	57.9	57.3	57.4	57.8	58.5	59.6	61.6	63.9
83.1	78.9	74.4	70.7	67.4	65.1	63.8	61.7	59.5	56.2	52.8	50.7	47.9	43.9	40.1	37.6	36.1	34.8	32.1	29.1	28	29	31.1	33.9	37.5	41.4	46.2	51.7	57.3	62.6	67.6	72	75.6	78.4	80	80.3	80.1	79.1	77.1	73.9	70.2	67	64.9	63.1	61.4	59.9	58.1	56	54	53.2	53.7	55.2	57.4	59.8	62	63.7	65.2	67.3	69.2	70.1	70.6
63.8	61.6	59.5	56.2	52.8	50.6	47.7	43.7	39.7	37.1	35.4	34	31.9	29.5	28.4	28.1	28.3	29.5	31.9	35.2	39.6	45.1	50.9	56.7	61.8	65.9	70.1	74.1	77	79.2	81.1	81.3	80.2	78.2	75.8	73.2	71.2	70.3	69.5	67.8	65.1	62.3	59.9	58.6	58.5	59.2	60.4	61.9	63.2	64.2	65	66.2	67.1	67.9	68.6	68.9	68.5	68.1	68.3	68.7	69.6
47.7	43.7	39.9	37.5	35.8	34.6	32.7	30.5	30.3	31.3	32.5	34	36.2	39	43	48.7	54.3	59.5	63.9	67.9	71.6	75.2	77.8	79.1	79.8	79.6	78.4	75.9	73	70.7	68.7	66.8	65.5	64.6	62.4	59.7	57.8	57.7	58.7	59.4	59.5	60.1	62.5	65.6	67.8	69	69.7	70.5	71.8	72.9	72.8	72	71.1	70.4	71	72.7	74.1	74.2	73.8	72.8	71.5
32.7	30.5	29.9	30.1	30.6	31.7	34.1	37.5	42.5	49.4	55.9	61.6	66.5	70.7	74.2	77.5	80.2	81.3	82.1	81.9	79.5	75.6	72.1	69.3	66.9	65.5	64.5	63.5	61.8	59.8	58.3	58	58.9	60.7	62.5	64.3	66.1	67.7	68.9	70.3	71.6	72.9	74	74.8	74.5	73.6	72.6	71.9	71.9	72.3	72.8	73.1	73.1	72.7	71.5	70.1	69.3	69.6	70.5	71.1	72
34.1	37.3	41.6	47.8	54.1	59.8	65.6	71	75.4	78.7	80.6	81	80.9	80.9	79.6	76.3	72.9	70.5	68.3	66.6	64.8	62.9	61.2	59.6	57.7	56.1	56.9	59	61	62.1	62.7	63.9	65.9	68.2	69.3	69.7	70.4	71.3	72.2	72.5	71.6	70.1	69.6	70.3	71.1	71.2	71.1	70.7	70	68.9	67.8	67.2	67.6	69.2	71.2	72.4	72.7	72.9	73.5	74.8	76.3
65.6	71	75.3	78.3	80	80.4	80.3	80.6	79.6	77.2	74.1	71.2	69.4	68.2	66.6	64.5	62.2	60.2	59.2	59.1	59.7	60.3	60.9	62.4	64.4	66.2	67.8	69.1	70.3	71.1	71.5	71.2	70.9	70.9	71.1	71.1	71.4	72.1	72.7	72.7	72.3	71.9	70.8	69.7	69.3	69.8	70.2	70.7	71.2	71.7	72.2	72.9	73.4	73.9	74.5	74.9	74.7	74.7	75.6	77.4	79.5
80.3	80.5	79.5	77.1	74.4	71.7	70.1	69.3	68.2	66.3	64	62.2	61	60.9	61.7	62.7	63.2	63.7	64.9	66.3	68	69.2	69.9	71.2	72.2	72	71	70.4	70.5	70.8	71	71.4	71.7	71.7	71.1	69.8	68.4	67.4	67	67.4	68.3	69.5	70.7	71.6	72.2	72.6	73.4	74.6	75.3	74.9	74	73.6	74.1	75.2	77.2	79.7	82.7	86.2	90.3	94.6	98.6
70.1	69.3	68.2	66.5	64.6	62.9	61.4	60.7	61.6	63.4	64.5	64.7	65.2	66.9	68.6	69.7	70.7	72.1	73.3	72.7	71.5	70.7	70.3	70.3	70.9	71.4	71.4	71	70	69.2	69.3	69.2	68.5	67.7	67.6	68.4	69.6	70.5	70.8	71.3	72.5	73.7	74.7	75.7	76.2	76	76	77.2	78.8	80.4	82.3	84.1	86.1	89.2	92.2	94.3	95.5	94.1	89.5	85	82.6
61.4	60.7	61.7	64.1	65.7	65.8	66.4	68.2	69.9	71.3	72.8	74.4	75	73.7	72.1	71.8	72	71.6	70.8	70.2	69.7	69.3	68.4	67	66	65	64.2	64.3	65.2	65.8	66.5	68	69.7	71.2	72.6	74	75	75.8	77	78.5	79.6	81	83.2	85.9	88	89.6	90.8	91.2	90.5	90	90.7	90.9	88.8	85.8	82.9	79.5	75	70.5	67.7	66.2	64.2
66.4	68.2	69.8	71.3	72.7	74	74.5	73.3	71.7	71.6	71.8	71	70	69.6	68.8	67.7	67	67.2	67.2	66.6	66.1	66.4	66.7	66.9	67.7	69.6	71.5	72.5	73.3	74.2	75	76.1	77.6	79.2	81.7	85.2	87.9	88.6	89.6	91.6	93.9	96.1	96.7	93.9	88.4	82.2	78	75.9	73.5	70.3	67.1	63.2	59	55.8	53.9	52.7	51.7	51.4	52.7	55.3	57.5
74.5	73.2	71.5	71.4	71.6	70.4	69	68.5	67.8	66.4	65.9	66.3	66.1	65.3	64.5	64.3	64.4	64.9	66	68.4	70.4	70.5	70.3	70.9	72	73.6	75.3	76.9	78.9	81.4	83.5	84.9	86.5	89.7	94.2	97.5	97.7	93.6	86.6	79.5	75.2	73.7	73.4	72.6	69.4	64.4	59.6	57.1	56.1	54.3	51.9	50	49.1	49.5	51.7	55.6	60.3	64.6	68.3	72.5	76.7
69	68.5	67.9	66.6	66.1	66.2	65.7	64.8	63.9	63.7	64.1	64.9	66.4	69.3	71.9	72.1	71.6	72	72.7	73.6	74.6	75.4	77.6	80.9	82.9	83.9	85.7	88.5	90.8	93.2	94.6	92.9	88.5	84.4	81.2	78.2	77.1	77	74.4	68.9	63.5	60.5	59.9	59.5	57.7	56.4	57.6	60	62.7	64.6	64.5	64.2	66.6	71	75.4	78.3	80.3	82.3	84.4	85.1	83.3
65.7	64.9	64.4	64.6	65.2	65.8	67.1	70	72.6	73.1	72.8	73.1	74	75	75.6	75.9	77.1	78.8	80	82.5	87	91.2	92.6	92.5	92.7	91.2	88.8	86	83.2	81.5	80.3	78	74.2	69.8	66.6	64.5	62.7	61.4	60.5	59.8	59.7	60.9	62.8	64.7	65.7	66.7	68.5	72.2	76.6	79.4	80.9	82.4	83.4	82.2	79.4	76	73.2	71.7	70.7	69.9	68.8
67.1	69.9	72	72.4	72.2	72.7	74.1	75.5	75.6	75.4	77.1	79.5	80.7	82.7	86.6	90.8	95	99.2	102.4	102.8	100.5	96.8	93.3	91.1	89.3	87.7	86	83.1	79	73.6	68	65.3	65.6	66.7	67.6	68.8	70.7	72.1	72.6	72.7	73.1	75.3	79.8	84.5	87.7	88.2	85.9	81.4	77.6	75.8	75.5	76.6	77.7	76.9	75.3	74.2	72.9	71.2	69.6	69	70.5
74.1	75.5	75.1	74.9	77	79.3	80.3	81.8	85.4	89.8	93.6	96.9	99.8	100.3	97.2	92.6	89	85.8	81.8	78.5	75.8	72.2	68.5	65.7	64.4	64	63	61	60	61.4	64.5	67.5	69.4	70.9	72.8	75.8	80	84.1	87.5	88.9	87.7	83.9	79.1	76	75.5	75.8	75	73.4	71.9	69.8	67	64.6	63.3	63.5	65	67	67.6	66.8	66.4	66.8	68.1
80.3	81.7	85.2	90.1	94.2	97.4	99.9	100.5	98.1	94.4	91.1	89.1	87.1	84.1	80.4	77.3	74.6	70.2	66	64.8	65.8	65.1	62.7	61.6	62.9	64.9	65.6	65.7	66.3	68.2	72.2	77.6	81.8	82.9	81.7	79.6	77.8	76.7	75.2	73.4	72.4	71.5	70.3	68.8	67.5	66.2	64.9	63.9	63.7	64.7	65.7	65.7	65.1	64.7	65.2	66.5	67.7	67.9	67.6	67.7	68.1
99.9	100.4	98.1	94	90.2	87.9	85.5	81.6	77.9	75.7	74.2	70.5	65.7	64	64.5	63.4	60.9	60.4	62.4	65.6	67.6	68.4	70.1	73.4	77.5	82	85.4	85.3	82.8	79.5	76	73.3	71.7	70.2	68.8	68.1	67.3	65.4	62.9	60.1	58.1	57.9	60	62.9	64.5	64.4	63.8	63.4	63.8	64.8	65.7	66.7	67.4	67.6	67.4	67.3	67.5	67.8	68.6	70	70.8
85.5	82	79	76.9	73.9	68.5	63.8	63.2	64.8	64.5	62.5	62.7	65.8	69	69.6	69.2	70.4	73.2	76.6	81	85.2	86.5	84.6	81.7	78.3	74.9	71.7	68.6	65.7	63.4	61.4	58.8	55.7	53.1	51.5	51.3	52.1	52.8	53	53.1	54.1	56	58	59.5	60.9	62.4	63.6	64.8	66.3	68	69.6	70.6	71.5	72.3	73.4	74.9	76.7	79.1	80.1	80.8	83.6
63.8	63.3	65.1	64.7	62.6	63	66.4	69.9	71.2	71.7	73.8	76.4	79.1	82.8	86.8	88.5	86.5	82.8	78.8	75.6	73.2	70.4	67	63.8	61.2	58.2	54.9	52.1	51	51.9	53.8	55.4	56.5	58.1	60.2	62.2	63.9	65.7	67.7	69	69.8	70.3	70.6	71.1	71.6	72.1	72.7	73.3	73.3	73.1	74.2	75.4	77.2	79	81.2	83.5	86.7	91.7	96.7	102.4	110.5
66.4	70	71.3	71.3	74.4	77.1	79.5	83.1	86.6	87.1	85.4	83.4	81.3	78.8	76.7	74.2	70.9	67.8	65	61.4	57.2	52.6	49.1	48.5	50.5	52.1	52.7	54.6	57.4	59.4	61.1	63.4	65.8	68	69.9	71.2	72.6	74.6	76.1	76.4	76.7	77	75.8	75.1	74.5	74.5	75.3	77.7	81	84.1	89	94.6	102.6	112.6	123.5	132.5	136	133.9	127.9	121	115.8
79.5	83	86.5	86.8	84.6	82.5	80.6	78.4	76.5	74.3	71.4	68.6	65.9	62.7	58.5	53.7	50.2	49	49.6	50.5	50.9	52.2	53.8	55.4	57.2	59.5	62	65.3	68.2	70.1	71.7	73.9	75.7	77.3	79.4	81	81.6	82.8	84.8	87.1	89.7	93.8	98.9	104.3	110.1	114.6	120.5	129.9	141.1	148.2	148.1	141.3	130	119.3	111	105.6	99.7	94	89.5	85.2	81.3
80.6	78.3	76.2	73.8	70.8	68.2	66	63	58.8	53.4	49.3	48.1	49.4	51.6	53.1	53.6	52.9	53.2	54.6	56.7	60.7	65.9	69.4	71	72.6	75.4	78.2	80.6	82.7	85	87.1	89.3	92.2	94.7	96.7	100.8	107.7	115.6	123	129.6	137.8	146.5	151.7	150.5	144.1	134.5	126	116.2	105.7	99.3	95	90.5	84.7	80.4	77.2	77.3	85.3	96.6	103.4	105.2	106.9
66	63	58.9	53.6	49.5	48.4	49.9	52.2	53.2	53.5	53.3	54.5	57.1	60.2	63.8	67.2	69.1	69.9	72.2	75.8	79.1	81.5	83.5	84.8	85.1	85	85.8	88.4	91.8	97.3	102.9	107.9	112.9	117.8	125.1	135.2	142.7	143.2	136.9	129	121.9	115.4	109.9	104.5	100.4	96	92.3	91	95	101.4	108.8	115.4	115.9	113.9	115.8	119	119.2	121.7	127.4	131.1	132.4
49.9	52.1	53.5	54.4	54.1	55.3	57.2	60.3	64.3	68	70.6	73.2	76.5	79.8	81.8	82.9	83.5	83.9	84.7	86	88.1	90.2	92.7	96.6	102.2	107.7	112.8	117.6	124	132.1	137.6	137.1	131.6	122.1	111.4	104.7	101.4	97.6	92.8	89.3	88.3	90	93	97	102.8	109.2	112.4	113.3	113.9	115.5	118	122.7	126.8	127.1	123.9	119.9	119	124.6	131.6	133.9	131.1
57.2	60.3	64.4	68.1	70.7	73.5	76.8	79.7	81.8	83.5	84.1	84.3	85.6	86.8	87.6	89.9	92.6	94.7	98.3	104.2	110.1	114.1	118.4	124.6	131.1	134.3	132	125.2	115.5	108.3	106	104.3	100.2	96.3	95	95.6	98.6	104.1	110.3	114.5	115	114.6	115.6	116.6	117.7	118.1	119.3	123.3	126.3	124.1	119.5	117.3	117.8	119.5	120.2	117.6	113	109.1	108.6	110.6	111.5
76.8	79.7	81.9	83.8	84.7	85	87.1	89.5	90.7	91.8	94.6	98.5	103.1	109.2	114.8	118.6	122.8	128.5	132	130	125	118.6	110.5	103.4	100.3	98.9	96.1	94.5	96.1	99.7	103.5	108.5	113.5	113.9	111.5	112.4	116.7	123	128	129.8	130.7	131.6	130.2	125.8	121.4	119.8	121.7	124.7	124.9	122.3	119.3	116.8	113.8	110.8	109.7	109.7	107.4	101.2	94.3	91.2	90.5
87.1	89.5	90.8	92.2	94.6	98.4	102.5	108.4	114.8	120.3	127.7	135.7	137.6	129.6	118.2	108	100.7	96.8	94.6	91.5	86.2	81.5	79.9	81.7	86	92.8	102.2	109.5	110.3	108	109.2	117.3	126.3	131	132.7	132.2	130	124.7	119.6	118.1	121.1	125.8	129.1	128.9	124.7	118.5	113.2	110.2	108.5	106.2	102.3	99.9	98.9	96.6	93.4	88.3	82.9	78.1	72.6	66.4	61.6
102.5	108.2	115.2	122.7	131	137.9	140.5	135.3	126.1	116.1	107.8	104.1	102.4	97.6	89.8	84.2	82.5	84.5	88.5	95.5	105.4	111.8	109.6	106.7	109.7	114.5	119.6	124.9	130.3	131.4	126.9	120.7	117.2	119	124.2	128.1	129.3	128.6	124.8	118.7	114.3	112.6	111.9	110	106.2	102.1	97.7	94.3	93.3	92.3	88.6	81.8	74.5	69.2	67.4	67.9	68.8	69.9	71.5	73	72.9
142.6	137.4	127.8	116.7	109.8	106.7	105.7	103.3	99.5	94.3	89.6	90.2	96	105.3	111.7	112.1	110.9	112.9	115.7	116.1	119.9	128.4	135.9	135.3	129.6	123.1	118.9	120.1	125.4	128.5	128.7	128.5	126.7	119.5	110.9	106	104.6	102.9	99	95.5	93.5	91.9	89.9	87.6	83.4	76.4	69.2	64.5	62.9	63	62.9	63.3	65.5	69.7	73.6	75.6	76.9	79.2	82.9	88.3	93.1
105.7	103	98.7	94.4	91.2	93.2	100.9	110	113.4	114.2	115.9	113	106.4	106.6	116.1	124.9	129.4	131.6	129.3	123.3	117.5	116.9	119.9	122.2	122.5	121.2	118	112.3	105.4	99.6	97.2	97.8	98.3	95.6	91.3	87.4	85.2	83.6	80.3	76.2	70.9	66	63.2	63.5	65.7	68.3	70.1	70.9	71.9	74	77.2	80.9	84.3	86.8	87.6	87.1	86.5	87.1	88.6	88.9	87.7
104.3	111.7	115.1	116	116.5	112.5	108.5	111.8	120.5	128.8	130.4	127.6	124.7	123.2	122.3	120.9	120.1	120.6	122	121.4	117.7	114	111.5	110.1	109	106.6	102.2	96.8	93.3	91.8	89.9	88.1	85.7	80.4	73	67.8	67.6	69.3	69.9	69.4	69.7	72.3	76.5	80	82.1	83.9	85	85.4	86.4	88	88.5	86.9	85	84	83	80.6	76.7	72.4	69.4	67.3	65.1
108.5	111.5	119.3	129.1	134.6	134.9	132.2	129.2	120.5	110.3	109.4	117.3	124.9	124.9	117.4	108.8	103.9	103.1	103.4	103.6	101.2	97.6	92.9	88.7	84.5	81	81.4	81.9	78.7	71.7	64.8	60.8	60.9	63.7	66.9	70.1	73.7	77	79.6	82	84	85	85.6	87.6	90.8	92.1	90.2	87.3	84.7	82.1	79.1	75.5	71.2	67.1	64.1	62	60.3	59.1	59.2	60.9	64.1
133.2	123.9	116	114.2	117.6	123.9	127.4	126.1	121.6	113.9	105.1	102.1	106.5	109.1	105.2	99.3	95.1	91.9	87.6	83.9	81.2	77.4	74.1	72.9	71.7	68.2	63.3	60.3	62.1	68.8	75.5	78	77.8	79.4	83.8	87.9	90	90.7	90.9	90.5	89.3	88.3	86.8	84.5	81.1	76.8	72.5	68.5	64.7	61.9	61.5	63.8	67	70.3	72.3	72.7	73.3	75.5	80.3	87.8	97.6
127.4	126	122	115	106.7	102.4	105.2	106.6	101.2	94.8	91	88.9	85.7	81.1	76.6	73.4	72.1	72.3	72.4	70.8	67.9	65.2	65.8	71.6	78.3	80.8	79.6	79.6	82.8	88.1	92.9	94.6	93.4	90.4	86.2	83.2	82.4	81.5	78.6	74.2	70.3	67.2	64.8	63.2	63.9	66.4	69	70.6	71.4	71.2	70.8	72.6	76.8	82.8	89.7	96	100	98.5	92.6	85.5	81.4
105.2	106.7	102.1	96.3	92.1	88.8	84.1	79.1	75.2	71.8	69.6	68.4	68.1	68.1	66.5	64.4	65.4	70.4	75.7	77.9	78.2	80.5	85.6	90.8	93.9	94.6	94	91.7	87.8	85	83.8	81.8	77.6	73.2	70.1	67.2	64	61.4	60.5	61.6	63.6	66.1	68	68.6	69.3	71.6	75.9	81.6	88.3	95.6	102.8	104.2	99.1	92.1	88.8	88.1	88.2	87.6	85.1	81.9	81.7
84.1	79.5	77.3	74.3	71.7	70.1	69.3	68.4	66.4	65.4	68	73.9	79.1	80.3	79.2	79.4	82.7	87.7	91.5	92.1	91.3	90.2	88.6	86.6	84.7	82.2	78.7	75.1	72.7	71.3	69.3	66.8	65.3	65.9	68.7	71.6	73.1	73.8	74.5	76.9	83.2	91.8	98.8	103.9	107.6	106.7	100.8	91.6	85.8	83.7	83.6	84.9	87.1	87.3	86.1	86.6	90	95.8	102.7	112.3	125.2
69.3	68.4	66.7	65.8	68.1	73.9	79.1	80.5	79.5	80	83.1	87.7	90.9	91.7	91.4	90.2	87.8	85.6	83.8	81.7	78.7	74.9	71.9	69.6	66.6	62.9	60.4	60.4	62.2	65.1	67.7	69.9	74.2	79.6	86.6	94.3	102.1	110.4	119.6	124.4	118.2	102.4	89.8	84.7	84.8	84.7	83	81.3	79.6	78.1	77.7	79.6	84.6	93.8	110.2	129.6	141.7	144	135.7	126.4	123.7
79.1	80.4	79	79	81.9	86.6	90.1	91	91.2	90.5	87.9	85.2	83.7	82.2	78.9	74.4	70.8	68.4	65.6	62.5	61	61.6	64	66.9	69	69.4	71.7	78.3	85.9	92.5	100.7	111.6	121.9	121.7	111	95.6	88.4	88	88.4	85.6	82.3	79.2	77.2	76.6	77.4	81.1	87.1	96.3	112.2	128.4	134.6	131.6	125.3	120.5	118.4	120.3	123.4	125.9	124.8	118.1	107.9
90.1	91.1	91.3	90.6	88.1	85.5	83.7	81.7	78.3	73.7	70	67.8	65.7	63	61.4	62.2	64.6	67.3	69.1	70.9	75.5	82.5	88.2	93.8	102.8	114.8	123.5	122.7	110.3	96.2	88.7	87.3	85.6	82.2	78.9	78.2	78.8	77.7	77.6	82.8	91.5	103.1	119.6	135.1	139	133.8	126.1	122.1	121.5	123.4	124.3	122.8	119.6	114	106.3	98.2	91.5	84.8	74.1	60.9	47.2
83.7	81.8	78.7	73.9	69.7	67.3	65	62.5	61.6	62.5	63.9	65.7	67.8	68.8	71	76.9	85.3	92.4	100.6	111.7	121	120.1	108.9	94.7	86.4	84	84.4	84.6	84.7	84.1	82.3	81.9	84.6	90.2	96.2	104.1	116.8	130.3	136.3	134.5	129.9	125.2	121.7	120.7	119.8	118.2	115.8	113.9	110	102.8	93.6	83.4	72.3	59.3	47.6	41.7	42.8	47.1	49.3	51.1	55.6
65	62.4	61.4	62.3	63.5	65	67.2	68.6	70.9	77.2	84.9	92.5	102.2	114	121.4	118.8	106.7	96	90.5	87.9	84.7	82.1	80.2	79.5	80.4	82.5	84.5	89	96.1	106.2	120.7	135.4	141.5	140.1	134.1	128.5	125	123.7	122.7	120.4	117.4	113.7	106.8	98.8	91.2	82.4	69.8	55.2	45.4	42.3	43.2	46.8	52	58.3	65.5	74	82.3	87.9	91.2	94.7	99
67.2	68.6	70.6	75.5	82.9	91.3	102.2	115.6	125	122.7	108.9	96.2	90.2	87.5	84.9	84.1	83.1	81.6	82.1	83.5	85.6	91.3	100.2	114.7	130.7	138.7	135.6	127.3	121.5	119.9	122.1	124.8	124.6	122	118.6	112.7	105	97.2	87.5	73.9	60.4	53.2	51.2	50	50.9	55.2	61.7	69	75.6	82.2	88.6	93.5	97	100.1	104.5	109.8	115.3	120	123.9	130.6	138.4
102.2	115.9	126.2	123.4	109.5	96.1	90.2	88.6	88.1	88	87	86.1	86.6	87.5	88.9	95.5	109.6	128.1	139.2	138.9	130.4	124.8	124.1	123.6	124.2	126.4	126.8	123.9	116.7	106	96.9	91.6	83.1	70.2	58.8	53.2	51.4	49.6	51.1	55.5	62.1	72.4	81.1	86.5	89.6	92.5	96.3	101	106.1	109.5	111.2	113.1	115.6	117.6	120.5	125.1	128.9	130.7	130.8	130.3	129.1
90.2	88.8	88.9	88.5	86.8	85.1	84.6	84.5	87.5	96	105.4	115.7	127.1	132.3	129.7	126.1	125.7	125.2	125.6	125.6	122.9	116.8	110.1	103.8	96.4	87.2	74.3	60.4	50.2	46.5	45.8	45.5	47.5	53.4	60.5	67.7	75.5	83.5	89.8	92.8	95.7	101	107.5	113.2	117.2	119.1	120.6	122.4	123	122.8	124.9	129.8	135.3	137.8	137.2	134.9	132	129.6	127.8	126.3	125.1
84.6	84.1	87.6	98	111.8	124.9	134.6	135.6	129.1	125.3	126.5	128.5	130.8	131.7	129.1	123.6	116.7	109.2	101.3	89.5	74.3	60.6	51.9	48.4	47.5	48.6	52.2	56.2	61	67	74.8	82.1	87.6	91.1	94.3	99.7	106.9	112.9	116.5	118.1	119.6	121.8	122.7	122.1	123.1	126.6	130.3	131.3	129.8	128.7	127.9	128.2	127.9	126.1	121.9	117.3	114.7	114.2	114	114.2	114.7
134.6	135.7	130.5	129	129.5	127.9	128.1	128.8	127.9	126.1	121.7	115.5	109	96	78.7	64.4	56.7	50.4	46.2	47.7	53.9	59.4	62.9	68.6	75.1	80.2	86.2	92.1	95.6	99.1	105.7	112.2	116.9	121.5	124.1	124.5	125.6	128.8	131.8	133.5	135.5	135.3	133.1	130.5	128.3	128	128.1	124.9	119.1	115.4	113.8	112.4	111.6	111.1	110.8	111.5	113.4	115.2	113.3	110.4	109
128.1	129	128.4	127.5	123.2	115.8	108.3	95	77.9	64.5	58.3	52.9	47.8	48.1	53.5	61.8	71.1	76	77.7	81.8	87	89.9	94.8	102.2	108.6	113.3	116.4	118.2	119	118.9	118.9	120.5	123.7	126.9	128.3	128.6	127.3	124.8	122.6	122.2	122.4	121.7	120.5	119.4	117.5	114.6	111.5	110	111	112.1	110.5	105	99.6	97.1	96.5	96.2	93.2	87.1	79.9	74.5	70.9
108.3	95.5	79.8	65.9	58	53.1	47.2	45.6	50.9	60.5	70.2	75.1	78.3	82.9	87.5	91.8	98.6	105.4	110.8	117.5	124.4	125.9	124.6	126.2	131.7	138	139.8	137	134.2	133.7	132.9	129.7	124.8	120.6	116.3	112.8	113.6	114.4	111.6	106.4	101.8	99.8	100	99.6	97	95.4	95.8	96.8	97.7	96.6	93.3	88.1	83.5	80.1	77.3	74.7	73.1	72.7	71.4	69.5	69.3
47.2	46.2	54.2	64.6	72.2	74.7	77.9	82.4	86.5	92.9	102.2	110.3	116.9	123.6	128.3	129.1	130.7	135.5	139.5	139.4	135.9	133.4	133.6	135.6	135.2	129.6	124.5	120	115.2	114.7	117.7	119.1	116.4	111.7	107.4	105.4	104.7	103.1	100.7	99.4	97.4	94.5	92.5	91.2	88.5	84.7	81.1	77.1	74	73.1	73.9	73.6	71.9	70.9	71.5	72.6	72.4	72.1	74.4	77.6	79.7
77.9	82.4	86.4	92.3	101.5	109.8	116	122.7	128.3	130.6	133.3	139.2	143.6	143.1	139.5	137	137.2	137.7	135.5	130.2	125.7	122.7	120.1	118.5	118.8	118.3	116.5	112.8	108.4	106.8	106.8	106	104.2	100.6	97.6	97.1	96.6	92.6	86.9	82.8	79.7	76.9	75.6	74.5	72.8	71.4	70.8	71.1	71.8	73	72.6	71.6	71.9	74.1	76.3	76.9	75.1	72.5	71.5	72.2	72.4
116	122.5	127.5	129.3	133.4	141.6	148.5	150.7	150	149.5	149.7	148.1	143.4	136.3	129.6	124.6	120.2	117.9	118.6	118.3	116	111.1	106.3	103.4	104	103.4	98.9	96	96.3	96.5	93.6	88	82.2	78.6	76.8	75.4	73.1	70.1	67.8	67.3	68.2	69.3	68.2	67.4	68.8	72	75.9	77.4	74.3	70.4	70.3	75.5	83	87.4	88.4	87.7	85.6	83.8	84.6	89.3	94.4
148.5	150.2	148.2	146.6	146.9	146.9	142.5	133.9	125.6	120.3	116.9	116.4	119.7	121.9	119.5	114.5	111.3	109.9	108.6	106.2	102.2	98.3	94.2	89.2	85.1	82.2	79.2	75.1	70.8	67.4	65.5	65.3	66.7	69.5	70.7	69.7	69.9	73	77.4	80.7	81.3	80.4	80.7	83.9	88.4	91	91.5	90.9	89.6	87.2	84.1	82.8	84.3	86.9	89.5	91.3	88.9	84.6	82.5	86.1	94.7
142.5	133.9	125.2	118.8	114.8	113.6	116.5	119.5	118.2	114.1	111	110.2	109	105.9	101.1	97.1	94	90.4	85.6	80.8	77.7	74.5	70.6	66.4	63.9	63.7	64.6	65.9	66.4	68.5	75.3	85.2	93.9	99.2	98.5	93.9	91.1	92.4	94.6	95.2	93.3	91.1	87	83.7	83.3	84	85.5	87.8	88.8	87.3	84.1	82.5	84.9	90.9	96.6	103.3	112	118.7	120.8	119.4	119.5
116.5	119.8	118.5	113.2	109.9	110.7	111.3	106.5	98.5	93.1	91.1	90.4	88.5	85.6	82.2	77.9	72.5	66.9	63.6	63.4	64.3	65.6	66.9	68.6	70.6	73.1	76.6	79.6	80.9	81.4	82.7	85.5	88.4	89.4	88.5	86.6	84	82.3	82.2	84.3	88.7	92.5	92.8	91	88.6	86.8	89.8	98.7	109.3	116.6	121.7	123.9	122	115.6	104.7	94.4	88.9	88.6	92.1	92.9	88.3
111.3	106.6	99.1	93.7	91.7	91.2	89	85.5	82.7	79.5	74.9	69.4	66.3	65.6	66	67.4	70.1	72.6	73.2	72.9	74.4	79	83.5	85.1	84.6	83.8	85.4	87	86.3	84	83	82.4	82.5	84.6	87.4	90.5	92	91	88.5	87.1	88	92	99	106.4	112.4	116.1	118	118	113.8	105.3	95.6	89.6	88.7	88.4	85.3	80.2	76.5	76.5	81.2	87	88.8
89	85.6	82.6	78.8	74.5	69.7	66.7	66	66.8	68.1	69.9	71.8	72.5	73.3	76	79.7	82.3	82.6	82.7	82.4	82	82.3	83.2	84.1	84.4	83.9	84.5	86	86.7	87.5	88.5	88.8	88.5	88.8	90.5	93.1	95.7	99.1	104.1	110.2	115.8	118.4	116.4	110.6	99.7	89.5	87	92.4	96.1	90.5	77.6	67.6	65.8	74.3	89.2	99.7	99.7	89.1	77.2	70.7	70.9
64.6	64.1	64.9	66.2	67.8	69.9	71.3	72.2	74.6	78.5	81.8	83.5	85.8	88	89.5	89.5	88.3	87.4	87.1	87.8	90	92	92.6	92.5	92.5	91.3	89.8	91.4	95.8	100.7	103.8	103.4	102.2	105.5	112.2	117.5	115.5	105.7	92.8	83.2	82	87.8	92.6	90.6	84.9	81.4	83.1	90.3	97.7	100.3	97.4	92.3	88.6	87.8	90.9	95.3	97.9	96.9	90.1	77.9	63.6
71.3	72.3	74.9	78.4	81	83.2	85.8	88.8	90	89.4	87.3	85.6	85.8	87.8	91.5	95.3	96.4	94.6	91.6	88.7	87.7	89.2	91.8	95.6	100	104.9	110.1	115.2	117.4	116.3	110.8	101.3	91.2	84.7	83.5	86.6	89.7	88.8	88.1	89.6	91.5	93.1	93.3	90.9	85.6	80.7	79.9	84.4	90.2	92.7	93.3	92.9	88.5	79.3	69.8	63.6	60	55.3	48.2	41.3	37.9
85.8	88.8	90.2	89.6	87.7	86.5	86.5	87.6	89.8	92	91.7	89.7	88.5	87.9	88.9	91.5	94.2	97.8	103.5	111	119.8	126.5	125.3	117	107.5	97.9	88.4	82.9	83.5	87.5	94.6	102	107.2	108.4	106.5	101.6	94.6	88.1	85.3	86.9	89.5	88.7	84.6	80.7	78.7	77.8	76.4	74.8	73.6	72.5	69	62.5	54.8	49.3	48.2	50.3	54	58.2	63.6	70.4	77.2
86.5	87.6	89.5	91.1	90.3	88.2	87.8	88.6	89.7	91.9	96.7	103.5	109.5	116	125.4	134.5	134.1	121.4	106.3	95.5	89	87.1	90.2	96.4	102.7	106.8	109.3	109.9	106.9	99.7	90.6	82.3	78.1	80.1	86.3	89.8	86.3	79.4	74.2	72.1	72.8	73.3	71	65.7	58.6	50.1	41.5	36	37.5	46.2	56.3	64	70.4	76.8	82.8	88	92.1	94	95.5	98.4	101.8
87.8	88.3	88.9	92.3	98.5	104.5	108.5	116.3	130.3	142.3	141.8	127.6	110.7	97.3	90.5	95.2	107.4	115.3	115.2	111.2	109.1	108.4	106.9	102.2	93.5	82.4	71.5	64.3	65.4	74.3	84.5	88.9	85.8	79.1	74.4	73.1	73.5	71.2	65.6	58.5	51	44.3	40.6	41.9	47.6	54.8	60.9	66.1	72.7	81.6	92.8	104.6	114	119.9	122.8	123.9	124.3	124	123.9	123.9	122.9
108.5	116.2	131.7	144.5	142.3	125.2	107	95.5	94.8	105.5	116.1	117	113.9	114.3	117.7	120.5	119.8	114.6	105	91.1	76.6	68.7	70.6	77.5	81.7	81	78.6	76.1	73.2	69.6	66.3	64.4	63.3	60.6	55.2	49.4	47.1	50.8	58.8	66.4	71	73.2	74.1	75.2	77.1	79.6	83.7	90.3	99	107.9	114	115.8	114.3	112.1	111.3	112.4	115.8	118.8	119.2	117.7	114.7
107	95.4	94.9	106.1	116.5	115.8	110	107.5	108.4	109.2	107.7	103.8	98.1	89.6	79.3	72	71.7	78.1	84.8	83.9	74.7	64.5	57.8	56.5	58.3	59	57.3	54.7	51.8	49	48.4	53.5	64.8	77.5	87.5	92.5	92.6	91	90.9	91.5	91.7	91.7	91.3	92.1	96.4	103.3	109.2	111.5	110.8	109.3	108.3	108.3	110	111.9	112	109.1	104.3	99.2	95.1	92.6	91.8
110	107.3	107.8	109.4	107.5	101.4	94	85.1	73.6	63.6	60.5	67	76.8	80.3	74.1	64.2	56.9	53.1	51.4	48.7	45.7	44.8	46.2	50.5	57.7	65.5	71.6	75	76.6	79.1	82.8	85.9	87.5	88.5	88.9	88.3	87.1	86.2	86.4	88.8	93.4	97.6	99.3	98.4	96.4	94.9	94.8	96.4	98.3	98.5	96.3	93.7	92.3	92.3	93.1	95	97.5	99.2	99.7	99.2	97.8
94	84.6	72.3	62.6	60.7	68	78.5	82.8	76.7	65.6	56.7	51.7	49.3	46.5	44.2	44.8	48.6	54.3	60.2	65.5	70.2	73.7	76.9	80.9	85	88.3	90.7	91.8	91.6	90.7	89.8	89	88.2	87.8	88.2	89.1	89.8	90.9	92.1	92.3	91.3	90.3	89.8	89.5	89.6	89.6	89.4	89	89.4	90.7	92.3	93.9	95.8	97.4	97.8	97.3	96.6	96.1	95.6	94.8	93.5
78.5	83	77.5	67.3	58.9	53.4	50.6	47.9	45.8	46.3	49.3	54.5	61	67.9	74.3	78.6	81.4	84.1	87	89.6	92.5	95	95.9	96	96.8	98.1	98.4	96.8	94.3	92.3	91.4	91	90.6	90.1	89	87.4	85.8	84.1	82.7	82.3	82.3	82.5	83.1	84.4	86.5	88.8	91.4	93.8	95.7	97.1	98.3	99	98.3	96	93.2	90.4	88.3	87.2	85.7	84	81.7
50.6	48	46.3	47.5	50.9	56.1	62.5	69.3	75.3	78.9	80.5	82.3	85.3	88.9	92.8	95.5	95.3	93.2	91.2	90	88.9	87.1	85.3	84.9	85.5	86.7	87.8	87.8	87.3	87	86.6	85.8	85	84.3	84.1	84.6	85.3	86.4	87.7	88.7	89.6	90.8	92.3	93.5	94	94.5	95.4	96.1	95.6	93.3	90.5	88.4	86.4	84.8	83.8	83.3	82.4	81.3	80	78.9	78.9
62.5	69.3	75.2	78.5	80.1	82.3	85.5	89.1	93.1	96	95.5	92.7	90.1	88.6	88.4	87.8	86.6	85.9	86.8	89	90.2	89.7	88.3	87.3	87.4	88.8	90.4	91.6	92.4	93.6	94.7	95.5	95.8	95.8	96.3	97.5	98.7	98.9	98.4	98.3	98.8	98.5	97.4	96.1	94.1	91.6	88.7	86.3	84.5	82.9	81.3	79.8	78.8	79.2	80.7	81.8	82	82.2	82.5	82	79.7
85.5	89.1	93.5	97	97.2	94.7	92.2	90.4	89.3	88.1	87.1	87.2	89.2	91.4	91.7	90	87.2	84.7	84.8	87.4	90.5	91.6	90.7	90.3	91.2	92.7	94.3	95.2	96.3	97.6	98.7	98.7	98.1	97.3	97.4	98.1	98.1	96.8	94.3	91.5	88.9	86.6	85.1	83.3	82	81.9	82.9	84	84.2	83.9	84.1	84.7	84.6	83.2	80.3	75.6	70.4	65.9	63.5	63.7	66.3
92.2	90.5	89.9	89.5	88.7	88.1	89.6	92.2	92.5	90.1	87.9	86.8	87.2	89.7	92	92.4	91.1	89.8	89.7	91.1	93.8	97	100.2	101.9	101.2	98.6	96.1	94.6	94.5	95.7	97.2	96.8	94.2	90.1	86.3	84.4	83.1	82.1	81.5	82.1	83.6	84.4	83.4	81	79.2	78	76.1	73	68.2	62.4	56.9	52.1	49.4	50.9	56.4	62.6	67.2	69.2	68.9	69.2	71.7
89.6	92.2	92.7	90.4	88.1	87	87.2	89.5	91.8	92.3	91.5	90.5	90.1	91.1	93.9	97.2	99.6	100.1	98.4	95.6	93	92	92.5	93.9	95.2	95.2	93.7	90	85.9	82.8	80.4	79	79.6	81.2	82.3	82.5	82.3	82.4	82.9	83.6	82.7	79.7	74.8	68.6	62.3	58	56.7	58.7	62.5	66.2	68.6	70	71.4	73.1	75	77.3	80.8	85.4	88.9	89.8	89.1
87.2	89.5	91.3	91.4	90.5	89.8	90.1	91.9	94.7	97.4	99.2	99.9	98.7	96.9	96.2	96.4	96	95.3	94.8	94.1	93.5	92	88.9	85.1	82	81	81.3	82	82.4	82.3	81.7	81.1	81.4	82	81.3	78.5	73.7	67.8	62.8	60	59.2	59.1	60.8	64.6	69	72.4	74.6	78.6	82.7	84.7	86.1	89.1	92.8	93.9	93.4	91.5	88.8	86.5	85.8	86.3	87.2
90.1	91.9	94.8	97.4	99.2	100.2	99.1	97.3	96.7	96.5	95.3	94.3	94.4	94.9	95.3	94.3	90.8	86.4	82.6	80.9	82	84.3	85.6	84.8	82.6	80.9	80.8	82.3	82.9	80.5	75.4	69.8	65.1	61.5	59	58.5	61.6	66	69.4	72.6	76.1	79.6	82	83.6	85.1	87.3	90	91.2	90.7	89.8	87.7	85.2	84.3	85.3	86.9	87.9	89.5	93.4	99.9	107.2	114
99.1	97.3	96.9	96.9	95.7	94.5	94.4	94.8	94.7	92.6	88.5	85.2	83.6	83.4	83.9	84.2	84.1	84.1	84	84	83.8	82.8	80.3	76.2	70.2	64.1	59.8	57.3	56	56.7	60.9	66.2	70.6	75	79.2	82.3	84.6	86.5	87.5	89.8	93.3	94.4	91.3	88	87.1	87.3	88.4	89.4	91.3	94.6	99.7	105.5	110.7	115.9	121.5	127.7	133.7	136.9	135.4	130.3	124.1
94.4	94.8	94.9	93.1	89	85.5	83.5	83	83.1	83.4	83.6	84.1	84	83.3	82.7	82.1	80.8	78	71.7	63.2	56.1	52.6	52.8	56.2	62.5	68.9	72.7	75.1	76.9	79.1	81.5	83.6	86.2	89.7	93.3	94.8	92.9	91.5	90.7	88.4	86.5	85.8	86.8	88.2	89.9	92	96.5	101.2	103.2	104.1	108.6	116.1	122.8	126.4	125.7	120.8	117.2	113.7	107.8	103.5	99.2
83.5	82.8	82.5	82.6	82.8	83.5	84.3	84	83.3	82.7	81.2	77.7	71.4	62.8	55.4	52	52	54.6	60	66.6	71.5	74.7	77.2	80.2	83.9	86.2	86.7	89.3	94.1	96.1	94.6	92.9	91.3	90.3	90.4	90.7	92.5	93.2	91.8	92.4	96.5	101.7	104.4	108.1	115	122.6	128.7	130	128	124.1	121.4	116.7	112.5	107.6	102.9	99.2	95.6	91.2	88.1	87.8	86.3
84.3	84	83.2	82.4	80.6	77.3	71.5	63.5	56.2	52.3	52	54.4	59.7	65.8	69.9	72.7	75.3	77.9	81.2	83.9	85.9	90.4	94.8	96	95.4	94.7	93.2	92	91.4	92.3	94.3	94.5	93.5	94.9	98.6	102.8	106.1	109.7	113.8	117.4	117.7	114.6	110	105.7	102.7	100	96.8	95.1	92.2	89.7	88.2	86.4	83.9	82.7	82.5	85.1	90.6	94.5	97.5	101.8	106.7
71.5	63.4	56	52.3	51.4	53.5	58.6	64.6	68.6	70.9	73.3	76	79.5	82.1	84	88.9	94.5	96.4	95.5	94.4	94.2	93.4	92.7	93.6	95.8	96.6	95.8	96.4	98.7	101.8	106.2	111.5	117.5	121.2	120.1	116.5	112.2	108	104.4	100.9	96.8	92.8	90.6	90.3	89.2	86.8	86	86.3	86.1	87.6	92.6	97.9	101.2	106	110.2	113.5	116.8	119.7	122.5	124.4	124.9
58.6	64.6	68.7	71.6	74	76.6	80.8	83.6	86.7	91.8	96.2	98	97.8	97.4	96.7	94.1	92.7	95.4	98.9	98.5	98.3	100.5	102.5	106.1	111.5	117.7	122.8	125.8	125.3	121.9	118.6	115.1	111.3	106.8	102.6	99.1	96.4	93.8	89.7	86.7	84.9	85.2	87.5	89	90.4	93	98.7	104.2	107.8	110.6	114.1	117	118.8	120.1	121.8	122.6	122.5	120.2	118.6	117.1	115.4
80.8	83.5	86.7	91.9	96	97.4	96	95.3	96	94.3	92.7	93.7	95.9	96.4	96.5	97.5	100.1	103.6	106.2	107.8	112	117.8	119.5	117.5	113.3	110.4	109.4	108.7	105.6	100.6	97.7	95.5	92.6	91.1	90.7	90.3	89.7	92	95.1	96.9	100.5	103	105.8	109.2	111.2	115.2	118.3	118.1	117.2	119.3	120.9	121.4	118.8	115.2	112.7	111.1	110.8	109.6	109.2	108	106.4
96	95.1	95.5	94.3	93.4	94.4	96.4	97	97.6	100.1	105.1	110.6	114	116.6	119.7	121.4	119.1	113.5	107.8	104.6	103.8	102.1	98.5	95.3	92.9	90.4	89.6	89	87.7	86.7	86.3	89.2	94.9	99.1	102.8	105.4	107.1	110.1	112.2	112.9	115.9	117.2	117.2	119.6	121.6	120.4	117.3	115.4	112.3	110.6	112.2	113.4	113.7	111.9	109.6	107.8	104.6	101.3	99.2	98.8	99
96.4	96.6	96.7	97.8	102.7	109.3	113.9	117.7	121.5	122.8	118.4	111.2	105.6	103.2	102.9	101.4	97.2	92.7	89.8	87.8	87	86	84.7	83.5	83.2	85.5	90.9	96.7	101.2	106.4	111.3	115	117.2	118.3	118.8	118	116	118.7	120.9	120	118.2	116.9	115.7	113.7	112.7	111.8	109.4	107.5	107.8	106.3	102.8	101	102	103.4	105	109	115.9	123.5	129.7	136	145.1
113.9	117.8	122	124.2	120.7	113.5	108	105.3	104.6	102.7	99.3	96.2	93.3	90.9	89.6	88.4	87.3	85.8	85.3	87.8	91.9	97.3	101.9	105.3	108	113	116.6	116.7	118.2	120.3	124.3	122.4	118.5	118.9	118	117.3	117.4	117.4	114.6	110.1	107.1	106.6	105.7	102.7	101.6	102.6	103	103	104.3	108.9	115.6	123	130.7	140.2	149.8	157.9	163.5	167.8	170.5	171.8	172.9
108	105.1	103.3	101	98.1	95.7	93.3	91.3	89.9	88	86.7	85.2	84.4	86.8	92.9	98.2	101.9	105.9	109.3	112.6	114.4	114.5	114.9	118.8	122	122.5	122.2	121.4	117.8	114.8	113.7	113.1	111.8	108.5	104.6	102.3	101.7	100.7	100.5	102.6	105.5	109.7	113.5	116.7	120.9	126.6	133.7	143.5	155.3	165.8	173.3	178.5	182.2	183.5	183	181.4	178.5	172.8	162.5	149.3	134.5
94.6	94.3	92.2	88.1	84.9	84.8	87.4	92.2	97.2	102.7	107	111.1	113.3	114.7	116.7	117.4	118.1	121.9	123.7	123.6	122.9	121.7	117.8	114.8	114.1	113.8	113.1	109.4	104.2	100.7	100.4	101.5	103.7	105.3	106.4	108.7	111.3	112.3	114.9	124.1	133.3	139.9	146.8	153.9	161.4	168.5	174	176.4	176.5	175.4	172.8	169.3	164.3	158.5	151.2	142.2	131.3	118.2	105.7	96.7	89.4
87.4	91.1	97	101	105	108	109.2	108.9	110.9	112.5	115.8	119.9	121	121.3	120.5	118.3	112.5	108.9	109.2	110.7	110.8	107.6	102.8	99.8	100.6	103.7	108.2	112.3	114.9	117.2	118.7	119.8	124	131.7	138.5	143.5	151.1	162.9	176.5	187.7	191.9	190.9	188.8	185.3	181.2	176.9	172.7	165.2	151.7	134.5	118.3	105.6	98.8	92.1	82.9	73.3	66	60.9	58.2	59.3	61.4
109.2	108.9	110.1	111.4	114.1	117.7	118.6	118.9	119.4	117.4	111.5	106.9	106.1	106.7	105.9	103.1	99	97.4	98.2	99.5	102.4	108.4	113.3	117.7	123	125.6	128.4	135.4	143.1	150.8	162.1	176	188.1	195.4	199.1	203	203.7	196.7	186.8	180	174.5	163.9	145.6	126.8	112.6	100.2	89.5	84.1	79.2	70.6	63.1	58.5	56.5	58.3	64.9	71.6	77.3	82.3	86.3	88.8	90.8
118.6	118.7	119.1	118.1	112.5	107.6	105.6	105.4	105	104.2	103.4	101	99.8	101.5	105.7	110.2	112.9	115.3	119.5	126.4	135.9	144	151	159	167.7	178.1	188.4	195.1	200.4	203.9	200.7	190.7	180.6	171.8	161.8	147.7	134.7	119.6	103.8	90.6	83.8	78.5	71.7	65.3	57.7	52.1	52.1	58.7	68.1	75.9	80.5	84.3	89.1	93.6	96.6	98.6	100	100.4	100	99.3	97.3
105.6	105.3	104.5	103.4	102.1	100.3	100.2	103.3	108.8	113.8	117	119.9	123.8	127.2	132	137.1	142.7	150.1	158.9	172.3	187.2	197.8	203.2	205	201.9	194.4	185.2	176.6	168.1	157.3	143.3	126.4	110.4	98.1	91.5	85.6	76	66.2	58.6	54.9	56.2	60.3	65.5	71.8	78.2	83	86.5	90.5	94.6	98.1	100	99.3	97.1	94.9	93.3	92.4	90.6	88	84.7	80.9	76.9
100.2	102.1	107	110.2	113.7	117.5	123	129.3	136.7	143.5	150.9	159.9	169.5	179.9	192.3	201.3	207.5	213.7	213.5	204.5	194.6	184.7	174.5	164.1	149.2	129.9	113.3	101.9	93.5	84.9	74.8	64.5	57.2	54.1	56.2	62	68.3	72	75.6	81.1	86.2	89.3	91.8	95.6	98.1	98.8	99.8	99.1	95.3	91.5	89.9	88.1	85.3	82.5	79.6	76.2	72.7	70.3	69.2	68.6	68.3
123	129	135.5	141.4	148	156.5	170.2	188.9	208.1	220.6	226.4	226.1	220.8	214.5	206.4	192.9	176	159.6	141.8	125.1	111.8	100	88.7	78.9	69.7	59.7	53.1	51.6	56.1	63.8	70.4	75	78.7	82.6	87.1	92.9	98	100.9	102.3	102.6	101	97.5	94.9	93	90.9	88.8	86.4	83	78.7	75.1	72.9	72.3	71.4	70.5	69.9	68.8	69.1	70.5	71.7	72.1	71.4
170.2	189.3	209.2	224.1	233.9	235.1	226.7	218	210.6	199.1	184.4	169.5	151.2	133.4	118.8	105.5	92.8	81.6	70.9	60.3	53.7	53.2	58.1	65.1	70.8	74.6	78.2	82.3	85.9	90.2	95.2	99.5	101.6	101.9	100.2	96.9	95.2	95.6	95.4	92.2	87.9	84.2	80.4	76.3	73.1	71.8	71.6	70.3	68	66.2	66.2	66.8	67.5	67.8	67.4	67	67.3	67.9	68.2	69	70.5
226.7	219.2	214	201.8	183	165.1	148.2	133.3	120.1	106.7	94.6	83.9	71.4	60.1	54.6	55.1	60.6	67.7	71.3	73.6	78.4	84	88.2	92.5	96.8	100.4	102.6	101.9	99.8	96.9	94.3	92.9	92	89.6	85.1	81	77.9	74.6	71.4	69.3	68.2	67.3	66.4	66.3	67.7	69.7	70.5	70.5	70.8	71.7	73.3	74.7	76.7	78.7	80.2	79.9	78.6	79	80.3	83	83.8
148.2	133.2	119.8	105.7	92.1	80.6	70	61.2	55.7	54.3	58	64.1	68.8	73	78	83.2	87.9	92.7	97.2	100.9	103.2	104.3	102.9	99.4	96.6	95.3	93.8	90.3	85.8	81.9	78.1	73.7	69.7	67.4	66.4	65.4	64.3	64	65	67.5	70	71.3	71.5	71.8	73.4	75.6	77.3	79.1	81.9	83.9	82.9	81.5	80.8	81.2	80.7	80.3	81.7	83.4	85.4	86.5	86.6
70	61	54.9	53.3	57.4	64.4	70.1	75.4	80.9	86	90	95	99.3	102.3	104.6	106.1	104.8	100.8	97.1	95.6	94.2	90.9	86.1	82.2	79.1	75	71.1	68.8	67.8	66.4	64.3	64.7	68.8	73.3	75	74.8	75.2	75.6	76.1	77.5	79.6	82	83.2	82.7	82.1	81.7	81.2	81.1	81.3	82.7	84.9	85.9	85.9	85.4	86	87.3	89	90.2	89.5	87.6	85.8
70.1	75.6	81.5	86.8	90.7	95.1	99.1	102.3	104.9	105.9	104.9	102	98.9	96.9	95.1	92.1	88.3	84.4	80.5	76.6	73	70.6	69.6	68.6	67.4	67.6	71.2	75.9	77.6	77.7	78.3	79	79.3	80.3	82.1	84.7	85.6	84.2	83.1	83.4	83.2	82.9	83.3	84.6	87.4	90.3	90.9	89.5	89.8	92	94.4	96	95.7	93.6	89.9	86	83.4	80.6	78.4	77.5	76.7
99.1	102.3	105.3	106.3	105.2	102.3	98.9	96.6	94.5	91.6	87.6	83.8	80	76.4	73.7	71.7	69.6	68	66.6	67.2	70.8	75	77.3	78.2	79.1	80	80.4	81.9	83.2	84.2	85	84.7	85.4	86.6	86.6	85.3	85	85.7	86.9	89.1	90	89.1	89.8	91.9	93.7	93.1	88.8	81.7	75.5	73.6	74	72.7	68.8	66.2	66.2	68.6	69.5	71	76.7	84.9	92.6
98.9	96.4	94.2	91.2	87.3	83.7	79.9	76	72.2	69.6	68	67.7	67.3	67	70.2	73.6	75.4	75.9	76.9	77.4	79	80.9	82.2	83.2	84.3	85.2	87.5	88.8	87.1	84.8	84.9	86.3	88.2	91.3	93.3	93.4	93.5	94.7	95.3	95.8	94	87.3	79.3	75.5	74.7	74.7	73.1	71.1	71	72.9	76.9	81.7	85.5	89.7	97.4	109.9	122.8	131	135.4	138	140.7
79.9	76	72.3	69.6	68	67.5	66.5	66.8	70.4	74.1	76.1	76.6	77.7	79.1	81.2	84	85.5	85.2	84.8	86	88.2	88.7	87.8	87.7	88.4	89.5	91.4	92.7	92.9	93.3	94.5	95.5	95.8	95.1	91.8	87.6	84	81.2	80.2	79.8	77.8	73.7	73.5	78.9	85.7	87.3	87.1	92.8	102.9	111.1	117	122.5	129.3	136.4	145.1	153.2	158.4	162.3	167.2	166.4	155.9
66.5	66.9	70.3	74.1	75.9	76.3	77.2	78.1	79.5	81.8	83.9	84.6	84.1	84.6	87	89.2	89.5	90	90.3	89.3	89.6	91	91.1	89.7	90.6	93.7	96.2	95.3	92.8	90.2	87.3	85.2	83.6	82.5	80.8	79	78.4	79.5	82	85.7	90.6	97.4	105.7	113.6	120.1	126.6	132.4	138.9	145.3	150.1	153.9	157.1	159.4	155.5	147.1	136.3	125.6	116.5	109.7	104	96.4
77.2	77.7	78.1	80.5	84	85.7	85.7	87.1	89.2	89.3	88.6	89	90	90	91.5	94.1	93.9	91.3	89.6	91.9	95	96.3	95.1	93.2	90.1	85.8	81.9	78.8	78.1	78.9	79.2	80.4	84.2	89	94.1	103	112.5	118.3	121.5	123.3	126.5	133	139.6	143.8	147	152.5	159.7	168.7	169.9	153.2	131.9	117.3	111.2	108.8	104.1	96.4	87.3	79.5	74.9	73.5	72.2
85.7	87	89.1	90.3	89.5	88.5	88.6	88.5	89.6	92.8	94.4	92.5	91.5	93.3	95.2	95.8	94.6	92.5	89	84.7	81.6	79.6	78.1	77.1	77.3	79.5	86	93.2	98	102.4	107.5	114.5	120.3	121.4	122.6	128.9	135.4	138.9	141.8	144.6	147.6	154.3	163.7	164.1	150.5	128.9	108.6	96	89.4	86.6	85.9	84.8	79.3	68.9	59.3	53.9	53.4	58.5	69	80.8	89.7
88.6	88.5	89.4	93	94.7	92.5	92.1	94.7	96.6	97	96.1	93.5	88.6	84	81.8	80.8	79.5	77.7	77.2	81.8	90	93.2	90.6	92.1	100.5	110.1	116.3	117.7	119.3	125	131.2	135.2	138.7	142.7	146.6	151	156.3	155.5	143.9	125.2	106.7	94.7	88.9	86.3	83.7	79.2	73.2	66.5	60.7	57.2	57.7	63.9	75.4	87	95.9	101.8	104.7	106.2	107.7	109.9	112.4
92.1	94.6	96.2	97.1	96.9	94.4	90.1	85.9	83.5	82.2	80.8	78.6	78.1	83.6	92	96	94.1	93.9	101.7	112.6	120.4	123.6	125.5	126.9	127.5	128.3	130.5	134.8	139	140.3	138.9	134.5	127.7	118.8	110.2	103.4	96.9	90.9	85.4	79.1	73	70	71.7	76.5	83	88.9	94.3	99.1	103.2	106	108.2	109.4	110.3	111.7	112.1	109	104.2	101.5	103.3	109.4	113.8
90.1	85.9	83.7	82.8	81.9	79.7	79.6	85.4	93.8	97.2	96.1	98.9	107.8	117.6	123.3	123.5	123.1	123.4	123.4	123.8	126.9	130.7	132.3	132.4	131.2	129.7	130.1	130.9	129.2	123.1	114.4	104.5	96.7	93.4	92.5	92.6	93.1	92.9	91.2	89.4	90.1	93.4	99	104.6	107.7	108.3	107.3	106.3	105.2	104.1	102.1	100.8	102.8	107.9	111	108.7	103.2	98.9	96.6	96.1	97.9
79.6	85.1	94.6	96.9	96.8	99.2	107.2	116.8	122.9	123.5	123.1	123.6	124.5	125.6	131.5	139.6	145.9	151.2	154	153	146.7	137	126.3	119	115.6	111.9	105.6	97.6	90.2	85.6	83.2	81.6	79.8	77.8	77.8	79.4	81.9	84.8	87.9	91.6	94.9	97	98.3	100.4	102.7	104.6	105.4	105.4	104.3	102.6	100.3	98.3	97.4	97.1	95.8	93.8	90.9	86.2	81.9	80.3	80.6
107.2	116.7	122.9	124.5	125.1	125.8	127	128.5	134.3	142.1	148.1	153.7	158.8	162.7	163.3	156.6	145.5	132.8	123.7	115.5	105.9	96.7	89.4	84.5	81.7	79.6	76.2	72.6	70.8	71.8	75.7	80.8	85.8	89.8	92.6	94.4	95.1	96.4	99.2	102.7	104.7	103.8	101.5	99.3	97.4	95.9	95.3	94.8	92.9	89.9	85.8	81.7	79.7	79.7	79.5	78.3	77.2	77.4	78	77.9	78
127	128.6	133.9	140.7	145.1	148.2	151.2	153.1	153.8	151.5	143.6	131.5	121.6	113.9	105.6	97.1	90.8	87.3	85.9	84.5	82.3	80.3	80.3	81.1	82	84.7	91.1	98.6	103.2	103	100.5	100.2	102.3	105.7	107.8	107.8	107.3	106.9	104.4	100.9	96.9	92.4	88.4	86.1	84.4	82.4	80.5	79.1	77.4	75.7	75.2	76.4	78.1	78.8	78.5	78.9	79.2	78.8	77.6	74.8	71.8
151.2	153.1	154.1	153.1	145.4	130.4	118.1	110.9	103.7	95.8	89.2	85.4	84	83.4	82.5	80.6	79	79.3	81.5	84.9	90.9	97.8	102.9	104.1	102.3	101	101.3	104.3	107.4	109	109.2	107.5	103.3	99.1	96	93.8	92.4	91.1	89.5	87.3	84.3	81.1	78.6	77.3	76.9	77.2	78.8	80.1	78.9	77.4	77	76.2	74.7	72.4	70.9	72.7	76.6	79.3	79.6	78.2	75.7
118.1	108.4	105.9	95.8	89.1	84.7	83.6	83.9	82.1	79	78.8	82.1	86.7	90.7	95.8	103.5	109.6	110.3	106.4	103.7	104.8	108.9	113.5	115.1	111.3	106	102.6	102.8	102.4	98.6	92.1	86.9	85.2	84.5	82.2	79.9	78.2	77.2	76.2	75.9	75.9	75.7	76.3	77.4	77.8	77.2	75.6	74	73	73.6	75.4	77.1	77.9	76.4	73.7	74.3	77.4	77.1	72.4	68	68.9
83.6	84	83	80.6	79.1	81	86.8	92.5	97.7	104.8	110.7	111.6	109	106.5	106.5	109.7	113.7	114.6	110.5	105.2	102	101	99.3	95.4	90.4	87.1	85.9	84.5	81.6	78.5	76.9	76.3	76.3	76.5	75.9	75.3	74.9	75.9	77.6	78.2	77.2	75.1	73.1	72.8	73.8	75.3	76.1	75	73	72.3	72.9	73.1	70.5	67.6	70.8	77.6	81.2	82.9	82.6	83.9	85.9
86.8	92.1	96.7	103.7	110.3	111.6	109.5	108.6	109.4	113.2	117.7	118.3	114.9	112	108.1	103.2	98.5	94.1	89.6	87.4	86.7	83.9	80.4	78	76.9	75.9	75.1	74.6	74.5	74.4	74.5	75.4	76.7	78.3	78.7	76.4	73.4	72.4	73.7	74.5	73.4	71.3	70.2	70.8	71.6	70.9	69	68.6	71.5	77	81.1	84.7	86.1	86	86.5	85.9	85	84.9	84.4	84.5	85.1
105.6	106.6	111.2	116.8	121	123	121.5	117.7	113	108.2	103.6	99	94.6	92.8	92.7	90.1	85.3	81.9	80.2	77.9	75.3	73.5	73.7	74.3	74.1	73.3	73.1	74.3	75.1	75.1	73.6	71.5	71.1	72.3	72.5	70.3	69.4	70	71.5	71.3	68.5	68.5	73.2	78.8	81.2	80.9	81.4	82.6	83.6	83.9	83.2	83.2	83.9	85.2	87.3	89.3	89.4	91	94	96.2	96.5
121.5	115.9	114.2	109.8	105.6	101.1	97	94.9	94.8	92.6	88.8	85	82.5	80.4	78.6	77.6	76.5	75.1	74.3	73.7	74.2	75.8	76.6	75.6	73.8	73.2	73.1	74	75	73.7	70.6	68.7	70	72.3	72.3	71.4	72.9	77.8	81.8	82.9	83.6	84.7	85.8	87	86.4	85.4	85.4	86.2	87.8	88.9	89.3	89.7	89	86.8	84.7	83.9	84.3	85	86.3	88.1	88.7
97	94.9	95	93	89.3	85.2	82.3	79.6	77.2	75.9	75.5	75.2	74.8	74.5	74.7	75.1	74.8	74.3	74	73.5	73.5	73.9	73.8	72.8	71.8	71.2	72.8	74.9	75	74.4	74.3	76.5	80.6	85.8	89.6	90.3	90.4	90.2	87.4	85.4	83.8	83.4	84.6	85.6	85.2	83.4	82.5	82.1	81.4	80.3	79.7	80.1	80.5	80.9	81.3	81.5	82	85.4	92.4	99.1	103.7
82.3	79.6	77.3	76	75.7	75.3	75.1	75.1	75.5	75.5	74.7	73.8	73.1	72.3	72.6	74.2	75.1	73.8	72	71.4	72.2	73.8	74.7	72.7	69.8	70.3	73.7	78.3	83.7	87.3	88.6	90.5	90.7	89.8	90.2	90.4	90.4	90.1	89.7	88.9	87.5	85.7	83.3	81	80.1	80.7	81.1	79.9	78.9	79.8	81.3	85.1	93.7	100.4	101.8	102	105	111.1	117.2	119.5	119.2
75.1	75.1	75.6	75.8	75.2	74.4	73.4	72.4	72.9	75.1	76.1	73.9	71	70.5	71.6	74.8	75.2	72.5	70.8	73	77.8	84.8	90.3	91.9	91.2	90.2	87.8	86.1	85.8	86	86.5	86.1	83.6	81.2	80	78.7	77.8	77.2	76.3	75.4	76.9	80.4	80.7	79.7	81.3	85.9	90.3	91.7	92.3	95	99.9	103.1	106.2	110.5	111.5	110.5	110.1	109.4	108.7	107.9	107.4
73.4	72.5	73	75.1	76	73.5	71.1	71.4	73.4	76.1	75.9	73.7	72.9	75.5	78.4	82.8	85.8	86	86.9	90.4	91.4	90.5	90.4	91.1	92.1	93.2	92.7	92.1	91.9	90.1	87	82.3	78.4	77.8	79.2	80	80.1	83.6	88.7	91.7	92.1	93.1	96.5	99.7	102.3	107.5	113.4	117.3	117.6	117.1	116.5	112.9	107.1	103.6	104.3	107.5	110.1	110.9	112.6	116.6	121.6
71.1	71.4	73.3	76	76	73.5	72.5	75	78.2	82.3	86.6	88.4	90.3	92.9	94.1	93.5	94.4	96.6	99.1	100.2	97.9	94.8	92.5	89.2	85.7	84.3	82.7	79.9	76.3	77.4	82	86.2	88	88.6	89.5	91.5	93.1	94.2	98.2	105.6	112.1	114.3	112.6	109.1	104.6	99.9	97.6	98.3	100.8	102.4	102.8	103.8	107.2	112.7	117.9	121.7	124.9	127.4	127.9	126.3	122.1
72.5	75	78.1	83.4	87.3	88.8	91.1	93.2	92	91.1	92.9	94	95.2	98	100.3	100	98	93.3	88.4	86.4	83.7	78.7	76.9	86.5	97.1	101.8	100.5	96.7	95.1	98.4	101.8	102.1	103.3	106.7	108.1	106.4	103.8	103.1	104.1	105.4	106.3	106.7	106	103.4	100.1	98.7	101	106.9	113.2	118.3	123	126.7	127.5	124.8	120.1	113.8	107.4	101.7	97.5	94.8	93
91.1	93.2	92.4	91.8	93.6	96	100.4	105.3	108.1	107.9	105.4	102.3	98.1	93.4	86.7	80.4	82.4	93	100.5	101.2	98.2	95.5	92.8	93.3	95.7	97.4	98.6	102	105.9	107.2	104	99.5	97	98.1	101.2	103.3	102.2	100.9	100.5	99.6	98.8	101.8	109.1	115.6	119.4	121.5	119.7	116.7	114.6	113	111.1	107.3	102.4	98.8	95.7	92.1	88.8	87	86.9	90.1	97.6
100.4	104.8	110	109.4	106.9	103.6	98.8	93.5	86.2	82.2	88.4	98.6	105.1	104.5	102.3	100.5	98.2	96.8	96	97	100	104.7	107.9	108.2	106.1	103.1	100.5	101.6	105	106	103.8	102.2	102.8	105.4	110.7	116.5	123.2	129.6	132.3	132	131.9	131.6	128.7	123.8	118.1	113.4	108.4	101.6	94.5	88.3	84.7	83.8	84.2	87.3	96.6	107.8	114.6	114.9	111.3	108.1	108.1
98.8	93.7	86.6	82.2	87.9	97.9	104.3	104.5	102.6	101.3	100	99.3	99.2	100	102.2	108.3	114.1	114.8	111.5	108	104.8	102.4	102.7	105.1	105.6	104.4	104.3	106.8	112.7	119.8	127.2	133.5	136.7	138.7	140.6	140	135	126.3	117	108.8	102.8	98.9	95.1	91.3	89.3	89.4	89.7	91.1	98.3	106.5	110.9	113	115.1	117.2	117.7	115.8	111.9	106	99.5	94.2	91
104.3	104.3	102.4	101.2	99.6	98.2	97.9	99.6	102.9	108.1	113.7	116.8	114.7	109.4	106.2	104.3	103.6	103.6	102.7	101	101.2	106.9	116.1	126.3	134.8	138.7	141.4	146.1	150	148.9	143.8	134.3	121.4	110.2	102.1	96.7	94	94.5	96.2	99.6	104.7	108.4	111	113	114.1	115.7	117	117.1	116.1	112.7	105.9	97.9	91.5	88.1	88.1	89.5	88.9	84.5	81.2	81.7	85.2
97.9	99.6	102.3	107.6	113.7	117.1	115.5	111.2	107.8	104.9	104.2	104.9	104.3	103.5	105.8	112	120.8	131.4	140.4	144.6	147.6	151.4	152.5	147.5	137.8	124.9	113	105.7	100.4	95.6	93.1	92.8	95.6	102.5	108.8	110.6	110.6	111.2	113	115.6	117.5	117.9	115.7	110.2	102.9	97.3	94.2	94.8	99.3	102.9	101.2	96	90.5	86	83	81.4	81.4	83.1	87.3	95.5	105.6
115.5	111.3	108.1	105.3	104.1	104.2	103.8	103.1	104.4	110.2	119.5	130.4	138.7	142.1	144.9	149.2	151.3	146	135	122.6	113.8	109	104.8	99.4	94.6	91.7	91.8	94.9	99.8	104.1	107.4	110	112.8	117.7	125	132	134.4	128.6	116.7	104.6	96.3	92.2	89.8	86.9	83.9	80.7	78.1	79.2	86.2	96.5	106.8	115.7	119.3	116.9	116.4	122	130.1	137.8	146.9	160.8	170.2
103.8	102.9	104	109.7	120.3	132.7	141.6	145.9	150.5	156.7	159	150.9	136.6	122.9	113.6	108	103.9	100.7	97.6	96.7	101.4	108.2	111.6	112.6	113.3	113.1	111.7	112.5	115.8	120	120.6	116.1	108.3	100.2	94.9	91.9	89.6	86	83.2	81.2	79.3	81	91.7	110.4	127.6	133.6	128	119.7	119.1	125.3	135.9	148.1	160.4	169.3	169.7	163.7	157.9	153.5	147	138.5	128.8
141.6	146.1	151.5	157.8	159.4	151.1	138	125.7	117.4	111.3	105	99.8	95.7	93.7	97.5	105.4	113	118	120.8	120.3	118.8	120.1	122.4	125.3	125.9	122.1	115.5	109	103.7	99.3	96.8	95.9	94.5	91.5	87.8	84.9	86.6	93.3	100.8	110.1	121.2	129.9	133.8	134.2	133.6	134.2	137.8	145.6	155.7	161.7	159	151	142.3	131.7	120.7	111.2	104.6	99.7	94.9	88.8	81.8
138	125.9	118.4	113.1	107	101.1	95.7	93	96.5	104.4	112.6	118.3	121.1	120.6	119.2	120.5	123.8	127.9	129.5	127.5	122.4	114.1	106.2	100.5	97.8	96.3	97.8	105.4	113.7	114.1	107.6	102.2	100	102	108.6	119.5	135.5	150.5	155.3	150	144.1	146.6	154.2	159.7	156.5	147.5	137.7	127.8	118.7	111	106.1	102.2	96.4	89.3	83.9	80.8	80.4	82.8	85.4	87.6	88.7
95.7	92.7	96.4	105.3	114.2	119.6	121.5	120.3	119.5	121.9	126.3	129.1	128.2	125.5	122.9	118.5	114	110.4	107.4	107.7	111.5	114.2	114.7	113.3	110.9	108.8	109.5	112.6	118	126.3	136.6	142.4	140.7	134.5	130.7	133.3	142.5	149.5	148.4	141.9	132.8	122.1	113.3	106.8	100.7	94.4	88.5	83.7	81.9	83.2	84.1	83.4	82.7	82.5	83.6	86.9	90.6	91.4	90.4	91.3	93.1
121.5	120.5	119.9	122.6	126.7	129	129	128.7	128	124.8	120.2	115.5	113.1	115.7	119.9	122.7	123.2	119.8	113.8	110	112.8	119.7	126.1	129	130.4	130.7	128.9	127.5	127.9	130.2	134.5	140.3	143.1	140.3	134.5	127.5	118.4	107.8	98.6	92.4	87.5	82.6	80.7	82.3	83.4	82.4	80.7	79.7	80.5	83.8	88.7	91.8	92.6	93.8	95.1	94.6	92.4	90.2	88.3	87.1	86.5
129	129.1	130	129.1	124.2	115.8	109.2	109.7	114.5	120.3	124.8	124.1	120.2	118.1	120.2	125.5	127.9	125.4	122.8	121.8	121	121.8	126.5	135.7	147	150.8	144.8	135.8	129.3	122	113.4	103.8	95.9	89.2	83.2	79	77.1	76.4	75.2	74.5	75.2	77.6	80.8	84.2	87.8	91	93	94.3	95.1	95.1	95.5	96	95.8	94.6	92.8	90.3	87.7	85.3	82.1	78.3	75
109.2	109.8	115.4	121.9	126.1	124	120.1	118.3	120.3	127.3	133.6	134.3	132.9	133.7	135.2	137.5	143.3	146.6	144.8	141.2	137.8	134	127.8	118.3	107.6	98.4	90.8	83.9	78.1	74.5	74.1	74.6	73.7	72.7	73	76.1	81.1	86.7	91.2	94	95.9	97.1	98.3	97.7	94.8	93.5	94.3	93.7	91.8	90.8	89.6	87	83.8	81.8	79.7	77.4	75.7	74.1	73	72.9	72
120.1	117	120.9	128.6	135.2	136.7	136.5	136.5	135.9	137	142.2	145.4	143.4	141.7	141.4	138	130	119	108.6	101	95	88.1	80.3	75	74.4	77.5	80.7	82	82.2	84	86.9	89.3	92	94.8	96.7	98.6	99.6	98.6	95.5	92.7	92.3	94.2	95.8	95.4	94	91	86.2	81.3	77.3	74.7	73.9	74	74.8	74.1	72.1	69.9	67.1	63.5	60.9	61.9	66.1
136.5	137.6	139.8	141	143.2	144.7	142.6	140.2	139.9	139.5	133.7	122.2	110.3	101.1	94	86.4	78.7	74	74.2	77.7	80.7	81.5	81.6	83	86	89.4	92.4	94.7	97.2	99.9	101.9	101.1	98.3	97	98.3	99	97.4	94.5	91.1	87	81.8	77.2	74.3	72.9	73	75.2	77	76	71.3	64.8	60.1	61	66.4	71.3	73.1	73.3	74.1	73.5	71.4	71.7	74.9
142.6	140.4	140.8	140.1	133	121.1	110.2	101.3	93.5	84.6	76.5	72.3	74	80.5	84.7	84.8	85.4	88.9	94.1	98.6	101.6	103.2	104	105.4	106.5	105.8	103.3	100.2	98.9	99.6	98.6	93.8	86.5	80.3	76.2	73.9	72.5	71.3	69.9	68.3	68.5	70.6	70.3	67.8	66.8	67.4	68.8	72.8	76.5	77.7	77.5	77.9	80	83.5	85.4	84.4	84.7	85.4	82.7	77.3	71.6
110.2	101.6	94.7	86.2	77.3	71.9	72.1	77.1	82	86.2	89.9	93.1	97.5	102.3	105.2	106.4	107.8	110.7	112.5	110.6	105.6	101.2	100.4	101.5	99.6	93.8	85.7	78.7	74.9	73.8	74.2	74.6	74.4	73.4	71.4	69.8	68.2	66.9	67.9	69.3	69.3	70.9	72.5	73.7	74.8	74.2	74.3	78.4	82.5	83.4	83.4	84.5	85.8	86.7	84.8	81.8	78.4	74.5	70.8	68.3	67.6
72.1	76.7	81	85.4	89.6	93.2	97.4	101.6	104.5	104.8	105.1	108.5	111.3	109.9	106	103.5	102.5	102.1	100.7	95.6	87.9	80.7	76.1	74.5	75	75.1	73.3	70.6	69	69.2	69.3	67.4	64.9	64	65.5	67.4	69.3	71.2	73.4	77.3	82.8	86.4	88	90	92.7	93.7	94.4	94.7	93.6	90	84.2	77.3	72.2	68.7	65	60.8	57.7	55.4	53	52	52.2
97.4	101.6	105.2	106	106.8	109.4	111.4	110	106	103.3	102.8	102.7	101.1	97.5	91.9	85.8	81.6	79.8	79	76	70.5	65.3	63.3	64.6	65.7	63.9	60.8	60.9	63.9	67.2	69.4	72.1	75.3	78.6	82.9	87.2	91.8	98.1	102.6	102.4	99.8	97.8	93.9	88.2	82	74.9	68.8	66	64.2	61.2	58.3	54.6	51	49.3	49.7	52.4	55.2	57.8	61.5	67.6	73.7
111.4	110	105.9	103.6	103.5	103	101.5	98.1	92.5	87.7	84.7	82.6	80	76.6	71.4	67	66.2	67.9	68	64	59.2	58.1	60.8	65	69.7	74.1	78.7	83	87.5	91.6	95	96.6	94.7	90.8	86.1	81.3	78.2	75.1	70.3	65.5	61.4	58.9	58.2	57.3	56.6	56.1	56.8	58.5	60.1	62.6	66.6	71.1	76.4	82.3	87.4	91.7	96.2	99.7	101.7	101.8	99.8
98.3	95.4	92.7	90.7	87.6	82.6	78.1	75.5	72.3	69.9	69.5	69.3	68.5	67.3	66.7	67.5	70.7	73.5	76	79.4	83.4	86.8	89.7	91.3	90.7	88.6	84.5	79	74.9	72.4	71.7	71.2	69.6	67.9	64.8	62	61	60.7	60.4	59.7	60.2	62.1	65.1	68.6	70.3	71.3	73.9	78.1	82.8	86.6	89	91.2	93.9	97.1	98.9	99.2	99.4	100	99.5	96.9	92.9
78.1	75.6	72.7	71.3	71.3	70.2	68.5	68.2	68.7	69.9	71.2	73.6	77.5	83.1	89.8	95.1	94.8	89.9	84.2	80.9	81.1	82.7	82	77.8	74	72.3	68.6	63	59.6	59.2	60.9	62.9	63.1	60.1	57.4	56.8	57.9	59.5	60.7	61	63.2	68.7	73.6	77.1	81.5	85.9	89.7	93.4	96.9	99.3	100	99.2	98.9	102.1	106	108.3	107.2	104.9	101.3	95.6	89.8
68.5	68	68.1	68.5	69.8	72.6	77	83.4	91	96.8	96.9	91.7	85.7	82.5	83	84.1	83.6	81.3	78.6	77.1	72	64.1	58.1	57.1	60.5	63.2	61.6	57.1	53.9	55	59.2	61.3	60.9	61.8	64.5	70.1	75.7	79.8	83.4	86.7	89.7	93.7	97.4	96.7	95.2	95.1	95.3	95.5	96.7	99.3	101.2	101.6	101.9	100.4	97.1	92.6	86.6	79.9	76.8	78.6	84.6
77	83.3	91.3	97.5	98.3	93.7	88.2	84.3	82.8	83.4	83.6	82.7	82.4	80.9	74.1	65.1	60.2	60.5	63.8	65.9	63.7	59.5	56.5	56.5	60.4	64.5	65.2	63.4	64.7	68.3	71.4	73.6	75.2	76	77	78.7	80.9	83.9	86.1	87.4	89.8	92.6	95	96.6	97.6	99.3	100.5	100	100.2	99.3	97.1	94.5	89.5	83.3	80.8	83.1	88.4	91.7	89.3	86	84.4
88.2	84.6	83.6	84.2	84.2	83.3	82.5	80	72	63.3	58.2	58.1	61.9	64.7	63.2	59.4	57.4	57.4	60.1	63.2	64.3	64.4	65.7	68.9	72.5	73.9	73.7	73.5	74.5	77.1	79.3	81.1	85.6	91.2	95.9	100.5	105	110.1	115	117.1	114.8	109.1	100.9	94	90.9	89.1	85.8	81.6	79.3	80.4	84.9	87.7	85.8	83.1	82.3	83.8	85.7	85.8	83.9	80	75.1
82.5	79.9	72.4	63.5	59.1	59.1	62.2	64.1	61.9	57.7	55.5	56	58.4	61.1	62.3	62.7	64.7	68.3	72.3	74.8	75.9	76.4	77.3	79.6	83.2	85.9	87.8	91.2	95.1	98.1	102.5	106.1	109.4	111.3	109.4	106.1	101.4	96	90.6	86.3	83.3	83.8	87.4	91.1	91.9	89	87	87.1	86.8	88	89.1	87.8	84.2	78.1	70.8	66.1	64.7	65.1	65.3	66.1	69.7
62.2	64.1	61.4	57	55.1	56.8	59.9	62.8	64.1	64.7	66.7	70.4	73.3	74.5	75.4	76.5	78	81	83.5	85.3	89.7	94.9	97.6	99.8	102.4	105.9	108.7	109.4	105.1	99.4	94.8	91.5	89.6	89	88.8	89	90.1	93.7	94.9	93.3	93	93.3	92.4	90.9	89.2	86.5	81.4	74.6	67.6	63.6	61.6	60.4	59.7	60.9	64.2	69.3	76.7	85.9	94.4	99.7	101.9
59.9	62.8	64	65	66.9	70	72.7	74.4	75.5	76.8	79.3	82.4	85	86.7	89	92.7	97.1	101.8	106.1	108	108.6	107.6	102.5	97.8	95.3	93.3	90.2	88	88.2	89.3	92.1	95.9	94.8	91.7	92	91.4	90.2	90.2	87.5	81.3	75.5	70.4	64.8	61.2	60.9	62.2	64.1	67.6	72	78.5	86.8	95.4	101.7	105.4	106.8	105.5	101.4	94.5	86.7	80.7	77
72.7	74.3	75.4	77.1	79.7	82.5	85	87	89.1	92.6	97.3	103	108.3	112.2	115	113.8	108.2	103.3	101.1	97.6	92.3	90.4	94	99.8	103.1	100.2	95.5	96.7	100.1	99.6	95.6	89.3	83	78.8	76.1	70.1	62.8	59.2	60.3	63.6	67.4	69.9	72.7	79.8	89.5	96.6	100.9	101.2	97.1	91.9	86.9	82.3	78.3	75.6	73	70.6	69.4	69.6	73.7	84.8	101.5
85	87	89.7	93.4	98.1	103.7	109.9	116	120.1	118.6	112.8	108.7	104.7	101.1	96.9	94.1	97.4	102.9	103.7	98.6	93.4	91.6	93.5	94.9	93.3	90.1	84.5	78.2	72	65.8	63.2	66.4	74.1	82.4	88.4	92.9	96.8	98.2	95.7	90.5	84.9	80.7	77.9	75.6	71.8	66	59.8	56.1	55.3	56.3	59.4	64.6	70.2	75.6	82.9	92.3	103.4	116.5	135	157.8	167.7
109.9	116	120.4	119	113.7	109.4	105.3	101.3	95.8	93.7	97.9	104	106.3	102.4	96.1	92.6	92.9	92.4	91.8	90	85.2	78.6	73.4	68.3	64.5	66.4	70.4	74.8	77.2	79.9	84.5	88.6	89.5	88.4	86.9	84.4	80.9	76.2	73	72.3	72.2	70.7	68.2	65.3	62.9	63.2	66.6	70.6	74.6	80.1	88.7	100.7	113.3	126.5	148.7	168.5	169.6	153.8	138.1	133.8	136.3
105.3	101.3	96.4	95	99.1	103.9	105.1	100.6	94.5	92.3	94.4	96.5	96.7	93.3	87.1	81.1	78.4	76.4	74.4	73.4	74.3	74	72.3	71.4	72.6	76.3	81.1	84.9	86.8	87.8	87.5	85.2	82.7	79.5	77.2	77	78	77	73.9	71.7	70.8	70.6	71.1	73.3	76.7	79.3	81.7	87.6	101.2	117.4	124.3	125.8	127.9	130.5	131.2	130.2	128.4	128.1	127.7	124.1	118.2
105.1	100.5	94.1	92.2	95.3	97	96.5	92.8	86.5	80.3	78	76.6	74.9	75	76.6	77.4	76.1	75.9	77.1	79.1	82.1	85.7	88.1	88.1	86.6	84	80	76.3	74.2	74.1	74.4	73.6	72.2	70.9	69.9	69.2	70.9	74.9	78.4	80.8	84.5	91.4	100	108.6	115.8	120.4	123.9	128.3	131.4	132	130.7	130.7	133	132.5	128.1	123.1	117.4	109.1	100.7	96.2	94.8
96.5	92.7	86.4	80.8	78.8	77	75.2	75	75.8	76	74.4	73.1	74.2	78	82.2	85.7	87.3	86.6	84.4	81.4	76.6	72.2	69.7	70.4	72.5	73.6	72.1	69.1	66.7	68	72.6	76.7	78.4	81.1	85.5	90.1	95	101.1	107.2	112.8	119.3	125	127.5	126.9	124.6	123.1	123.4	126.6	128	124.5	118.5	112.5	107.3	103.3	100.5	99	98	97.1	95.4	93.1	91.6
75.2	74.8	75.9	76.6	75.8	74.9	76.4	80.6	84.6	87.3	88.6	87.5	83.6	78.7	73.9	70.3	69.6	71.3	72.8	72.9	70.6	66	62.4	64.1	69.5	74.2	77.4	80.3	82.3	84.5	87.1	91.3	98	105.9	112.2	116.2	118.6	120.3	122.1	121.7	121.4	122	121.9	120	117.3	113.8	110.3	106.2	102.4	99.4	98.6	99.7	100.9	100.1	97.6	96.6	97.7	98.9	97.5	95.6	96
76.4	80.4	84.5	88.6	91.2	89.9	84.8	79.5	74.6	72.3	72.9	74.8	76	75.3	71.9	67	65.5	66.9	69.4	71	72.8	75.6	78.2	81.2	87	94.1	97.7	99.8	104.5	110.5	114.4	116.1	118.1	120.4	124.1	130.6	134.1	132.4	126.5	119.2	112.6	109.3	109.3	109.2	105.9	101.3	98.3	98	97.8	96.4	94.7	91.5	88.8	87.3	87	89.2	93.2	95.2	94.9	96.7	99
84.8	79.6	75	72.9	73.8	75.6	76.7	76.6	74.2	70.5	69.4	70	71.7	73.4	75.8	77.1	76.6	77.9	84	92.2	97.4	99.9	103.8	108.8	112.6	115.8	118.3	119.7	123	128.2	130.5	127.7	122.4	116	110.8	108.1	106.7	105.6	105.8	105.6	103.9	102.7	102.4	101.5	99.9	97.9	95.4	93.4	93.3	94.9	96.1	94.7	93.5	95.8	99.5	101.6	102.5	104.1	106.8	110.1	112.7
76.7	76.6	74.3	70.7	69.5	70.4	72.2	73.6	76	78.3	79	81.6	88.1	94.8	98.9	102.8	108.4	114.4	119.6	123.1	123.8	122.8	122.3	121.8	121.8	120.5	117.4	114.1	111.3	109.8	108.2	105.4	101.2	98.5	98.3	99.1	99	97.8	96.8	96.2	95.2	92.6	88.8	87.3	89.8	93.3	95	96.7	100.4	104	107.5	110.3	112.1	114.6	116.9	116.9	115.3	112.8	109.4	104.9	99.7
