6.898251980784218418e+00
5.662902720919174016e+00
1.130317610412086360e+01
1.183964902024439603e+01
1.114077267650288228e+01
1.092442312235596091e+01
7.836049972693348131e+00
1.044189633276137030e+01
1.105957096269388984e+01
1.121729089705251781e+01
9.603188655422568942e+00
9.981941637187475180e+00
1.027949290514338898e+01
1.044189633276137030e+01
8.101662160109855293e+00
6.970086708074496151e+00
1.738495053410395386e+01
2.178987465744059904e+01
2.353912473940847860e+01
2.146975129546398975e+01
2.055452539757555641e+01
1.910282658356358709e+01
5.225520119365971716e+00
7.055971915142844608e+00
6.086799890725467677e+00
6.244519825084092979e+00
1.323740170772742353e+01
5.924396463107485467e+00
6.452067440743463500e+00
5.194146086857725386e+00
2.079813053900252839e+01
1.808851037110482451e+01
1.994153426090239023e+01
1.986033254709339602e+01
1.954020918511679028e+01
1.830485992525174765e+01
1.044657982602072721e+01
8.994881012008757892e+00
1.036537811221173477e+01
1.109562848846149308e+01
9.220032504643233651e+00
1.010388437002342243e+01
9.576498116173677744e+00
1.256109745800660527e+01
1.070807356820903777e+01
9.874049384129593321e+00
8.237375048478948969e+00
1.426520335193309741e+01
1.248457923745696974e+01
1.001388071772688093e+01
9.959934591197939113e+00
1.116859331181409232e+01
1.119996734432234042e+01
1.122665788357123162e+01
