4.751060870248085166e+01
4.168660559732824566e+01
3.671067537912585266e+01
3.088667227397324666e+01
2.412647743508003728e+01
1.729668828839661998e+01
1.147268518324401398e+01
5.648682078091411540e+00
5.310666093837541979e+01
4.324163253498658577e+01
3.949943922757304193e+01
3.176857720448773392e+01
2.483407489267538892e+01
1.906242837008724678e+01
1.323842526493464433e+01
1.032706711924556231e+01
4.555420596657420163e+00
5.215323147940906523e+01
4.641670381415963931e+01
5.378106975929371458e+01
4.837591931465681228e+01
4.249955962693974243e+01
3.764622370597923862e+01
2.986300510032946320e+01
2.405623972040260838e+01
1.727880715628365138e+01
1.135009088600212301e+01
5.578444363413982643e+00
5.506587643887259276e+01
4.832356273209234843e+01
4.152889244274764025e+01
6.514636097154589578e+00
1.699849970446115677e+01
1.041454255914873883e+01
5.596325495526950355e+00
5.213663716107053858e+01
4.632987178114368021e+01
5.196104287437696456e+01
4.705535037085200400e+01
3.944708264500857808e+01
3.556505731512740454e+01
2.880486247623419160e+01
2.298085937108158561e+01
1.717409399115473079e+01
1.032706711924556231e+01
5.456493473059312649e+00
5.107720772320082858e+01
4.729989555844856142e+01
4.211518241687554820e+01
3.533774985275658764e+01
2.890957564136311220e+01
1.824947434047575356e+01
1.433233015325585669e+01
8.438089333425821792e+00
2.701561668176394981e+00
5.127068314200736410e+01
4.456348829256582889e+01
3.778605572844687543e+01
2.806214616130012374e+01
2.211554875890562855e+01
1.629154565375302610e+01
1.043242369126170566e+01
4.835932499631828563e+01
4.265727278152034785e+01
3.681538854425477325e+01
3.199717148063298922e+01
2.509778802615936044e+01
1.729733169528384096e+01
1.138585315022805844e+01
5.754038650107555775e+00
