1.765690360086855435e+02
1.695038385024660954e+02
1.813303213949641872e+02
1.666183653942448757e+02
1.922683254866841480e+02
1.668968591689877883e+02
1.522159522034686461e+02
1.614684859331910047e+02
1.249131908337011652e+02
1.143597137343521837e+02
1.262094057845241082e+02
1.209605650200767712e+02
1.191087781798694323e+02
1.158657324679460316e+02
1.158824467797374780e+02
1.165736611937176974e+02
1.185503730165213341e+02
9.975233265693830731e+01
9.459760296684542880e+01
1.337185762612760129e+02
1.329830548950220930e+02
1.443983402030081038e+02
1.555088035290634991e+02
1.563864817868906982e+02
1.453398640126384294e+02
1.429489404668854604e+02
1.395487315116681373e+02
1.369076374162879119e+02
1.084752304352505234e+02
1.103267440595537039e+02
1.064307320974443059e+02
1.043392168774598048e+02
1.045796488413511156e+02
1.062162021365811455e+02
1.035776997277607876e+02
9.333121583761925422e+01
9.489248974332542730e+01
1.746739506212220761e+02
1.703335834702040188e+02
1.893481158977709242e+02
1.938915365815824714e+02
1.865772712848288108e+02
1.840623346460160406e+02
1.869978383125612709e+02
2.004026280818922032e+02
1.992803774393882463e+02
9.423829573814532523e+01
1.081642336417147163e+02
9.811432832735397369e+01
9.918281280615758533e+01
1.089225421677664229e+02
1.113386474896821170e+02
1.198809677672500413e+02
1.159383438445783554e+02
1.001394041949633760e+02
9.641425129829956120e+01
8.884588567166267126e+01
1.011853933247462436e+02
1.147811484599536840e+02
1.155992041759464257e+02
1.055560754843793063e+02
1.080059894937694196e+02
1.303027586334647197e+02
1.237785616881223660e+02
1.077005581890437611e+02
9.831288694876394629e+01
1.070228060341114826e+02
1.014822732631886595e+02
1.019015320794878505e+02
1.041688663759717457e+02
