5.278827451417781313e-01
5.478911367546384081e-01
5.319172669003031650e-01
7.165711821959923622e-01
6.302955913741216110e-01
6.007700899902508329e-01
5.119047275920998175e-01
4.435227870300844089e-01
6.589654555505104483e-01
4.066673426001324865e-01
5.927287128703864205e-01
4.363375197847415010e-01
4.177751735576199499e-01
4.469212753040521791e-01
4.301794570730057554e-01
4.560828491452699196e-01
3.198175982483067448e-01
7.281923946127655256e-01
6.085822971312014884e-01
5.940137283093046561e-01
4.839822959629163091e-01
5.134256388598141818e-01
4.035992616142400347e-01
4.888817576137081122e-01
5.131792904081327045e-01
4.855640720678467970e-01
4.592926502287930646e-01
3.503306451967362345e-01
6.573220798930776709e-01
6.472673043075742871e-01
6.784972306414147614e-01
4.052619147818595779e-01
3.730846418086926630e-01
6.141226482745894000e-01
5.282398173181643841e-01
5.584277007593863029e-01
4.472877302378804876e-01
5.924269141240350312e-01
5.294525345299234687e-01
5.302964375457278612e-01
5.359479822626603829e-01
5.132872936818406728e-01
5.219339291917146628e-01
5.318972032795810101e-01
4.179398820637144629e-01
3.044247902895942937e-01
6.117109167187438912e-01
5.830144563279437975e-01
7.021129952448661449e-01
4.407867064197129592e-01
4.460444609131059002e-01
6.092020546046887919e-01
5.516643274514299033e-01
4.411825680856524823e-01
2.806397853240518714e-01
4.219594798062821783e-01
5.498316511549038443e-01
4.877611286839741433e-01
5.300257126874154956e-01
4.835103847554683143e-01
5.276189622235232246e-01
5.236826187922732911e-01
4.210413129116313824e-01
3.816924908272788519e-01
2.562168889377911540e-01
5.033667018469059062e-01
5.490152991301262553e-01
5.914882905814998759e-01
4.942406418095485199e-01
4.490358818815385344e-01
