-6.00
-5.00
-3.00
-2.00
-2.00
0.00
0.00
-4.00
-4.00
-3.00
-3.00
1.00
0.00
3.00
6.00
6.00
5.00
4.00
2.00
0.00
-2.00
-4.00
-7.00
-6.00
-2.00
0.00
-2.00
-1.00
-2.00
-4.00
-4.00
-3.00
-3.00
0.00
0.00
0.00
2.00
1.00
4.00
5.00
4.00
2.00
1.00
-1.00
-3.00
-4.00
-2.00
-4.00
-2.00
-1.00
-2.00
2.00
0.00
-2.00
-3.00
-6.00
-7.00
-8.00
-7.00
-6.00
-5.00
-3.00
0.00
-1.00
0.00
1.00
-1.00
-1.00
-4.00
-7.00
-8.00
-9.00
-7.00
-5.00
-6.00
-5.00
-6.00
-5.00
-8.00
-9.00
-10.00
-11.00
-9.00
-9.00
-8.00
-5.00
-4.00
-2.00
-3.00
-1.00
-1.00
-2.00
-2.00
-3.00
-5.00
-4.00
-4.00
-1.00
-2.00
1.00
1.00
0.00
0.00
2.00
-1.00
-1.00
3.00
-1.00
0.00
1.00
4.00
4.00
4.00
-1.00
0.00
-5.00
-6.00
-7.00
-10.00
-7.00
-6.00
-4.00
-3.00
-2.00
-2.00
-1.00
1.00
1.00
1.00
-1.00
-4.00
-6.00
-10.00
-9.00
-10.00
-9.00
-8.00
-6.00
-1.00
-3.00
-4.00
-2.00
1.00
2.00
3.00
7.00
7.00
7.00
11.00
11.00
11.00
13.00
9.00
6.00
3.00
-2.00
-4.00
-5.00
-4.00
-6.00
-8.00
-12.00
-15.00
-17.00
-19.00
-21.00
-21.00
-18.00
-17.00
-13.00
-7.00
1.00
10.00
20.00
28.00
28.09
26.48
25.19
23.30
21.46
18.00
18.00
15.00
13.00
10.00
13.00
9.00
7.00
3.00
2.00
0.00
2.00
1.00
-2.00
-2.00
-4.00
-8.00
-10.00
-13.00
-12.00
-5.00
2.00
4.00
6.00
8.00
10.00
12.00
11.00
12.00
15.00
11.00
17.00
18.00
23.00
24.00
23.00
21.00
23.00
19.00
18.00
15.00
12.00
12.00
11.00
13.00
14.00
12.00
9.00
5.00
3.00
3.00
5.00
5.00
14.00
13.00
15.00
23.00
25.00
28.00
29.00
28.00
28.00
28.00
29.00
28.00
24.00
22.00
23.00
26.00
30.00
32.00
32.00
26.00
24.00
19.00
17.00
13.00
10.00
4.00
3.00
4.00
4.00
6.00
7.00
9.00
11.00
7.00
9.00
8.00
10.00
13.00
14.00
19.00
21.00
22.00
21.00
20.00
18.00
13.00
11.00
6.00
2.00
-1.00
-2.00
-3.00
-5.00
-4.00
-5.00
-3.00
-2.00
-4.00
-5.00
-2.00
-2.00
-1.00
-1.00
0.00
0.00
4.00
5.00
9.00
10.00
13.00
9.00
6.00
3.00
-1.00
-6.00
-6.00
-7.00
-6.00
-6.00
-7.00
-7.00
-8.00
-7.00
-6.00
-6.00
-10.00
-9.00
-12.00
-11.00
-11.00
-10.00
-11.00
-9.00
-10.00
-9.00
-12.00
-13.00
-20.00
-21.00
-26.00
-29.00
-30.00
-29.00
-28.00
-24.00
-22.00
-23.00
-27.00
-25.00
-28.00
-27.00
-25.00
-22.00
-19.00
-16.00
-19.00
-20.00
-20.00
-21.00
-19.00
-12.00
-6.00
-6.00
-4.00
-6.00
-8.00
-10.00
-10.00
-8.00
-11.00
-6.00
-3.00
-5.00
-6.00
-7.00
-10.00
-9.00
-10.00
-8.00
-7.00
-6.00
0.00
0.00
-1.00
-2.00
-5.00
-6.00
-2.00
-2.00
1.00
3.00
6.00
6.00
14.00
14.00
15.57
14.50
14.00
13.00
9.00
8.00
5.00
5.00
4.00
4.00
5.00
5.00
5.00
5.00
2.00
3.00
0.00
3.00
1.00
3.00
8.00
11.00
14.00
16.00
16.00
14.00
16.00
14.00
16.00
18.00
20.00
20.00
20.00
23.00
25.00
25.00
21.00
20.00
12.00
15.00
11.00
10.00
11.00
14.00
16.00
17.00
17.00
14.00
14.00
13.00
10.00
10.00
8.00
5.00
3.00
0.00
-2.00
-4.00
-5.00
-7.00
-7.00
-9.00
-8.00
-12.00
-13.00
-16.00
-15.00
-16.00
-15.00
-12.00
-8.00
-4.00
4.00
5.00
8.00
4.00
-2.00
-9.00
-18.00
-20.00
-21.00
-20.00
-20.00
-23.00
-23.00
-28.00
-31.00
-27.00
-22.00
-20.00
-14.00
-6.00
1.00
3.00
3.00
10.00
12.00
13.00
21.00
22.00
21.00
21.00
18.00
17.00
17.00
11.00
11.00
9.00
7.00
7.00
2.00
-2.00
-3.00
-2.00
2.00
0.00
2.00
5.00
6.00
6.00
5.00
6.00
7.00
6.00
6.00
5.00
5.00
2.00
1.00
0.00
-2.00
-3.00
-3.00
-3.00
-5.00
-7.00
-8.00
-5.00
-5.00
-1.00
4.00
5.00
6.00
8.00
11.00
12.00
13.00
12.00
12.00
12.00
12.00
13.00
7.00
9.00
6.00
5.00
5.00
6.00
4.00
5.00
6.00
6.00
5.00
8.00
7.00
6.00
6.00
6.00
6.00
7.00
6.00
7.00
11.00
12.00
13.00
10.00
9.00
6.00
1.00
-2.00
-3.00
-7.00
-9.00
-5.00
-3.00
-2.00
0.00
0.00
2.00
0.00
3.00
2.00
0.00
3.00
3.00
7.00
10.00
9.00
7.00
8.00
4.00
0.00
-1.00
-4.00
-7.00
-8.00
-14.00
-12.00
-13.00
-12.00
-12.00
-11.00
-10.00
-9.00
-3.00
-5.00
-4.00
-3.00
-1.00
0.00
4.00
8.00
12.00
10.00
9.00
8.00
2.00
1.00
-2.00
-5.00
-10.00
-9.00
-12.00
-15.00
-12.00
-14.00
-15.00
-14.00
-16.00
-14.00
-14.00
-14.00
-15.00
-10.00
-7.00
-3.00
2.00
2.00
1.00
-1.00
-7.00
-8.00
-12.00
-12.00
-12.00
-17.00
-17.00
-21.00
-19.00
-16.00
-14.00
-11.00
-7.00
-5.00
-8.00
-3.00
-3.00
0.00
2.00
3.00
1.00
2.00
2.00
11.00
19.00
28.00
34.00
35.00
39.00
38.00
35.00
33.00
30.00
34.00
33.00
32.00
30.00
24.00
15.00
7.00
2.00
-1.00
-2.00
-1.00
0.00
6.00
5.00
6.00
5.00
14.00
15.00
16.00
19.00
14.00
13.00
12.00
15.00
13.00
11.00
8.00
8.00
0.00
-1.00
0.00
4.00
10.00
14.00
17.00
27.00
32.00
32.00
32.00
31.00
28.00
25.00
21.00
20.00
16.00
11.00
13.00
13.00
14.00
15.00
18.00
22.00
24.00
23.00
21.00
21.00
22.00
25.00
26.00
25.00
24.00
21.00
19.00
20.00
15.00
15.00
13.00
13.00
8.00
9.00
10.00
12.00
14.00
18.00
22.00
28.00
29.00
27.00
27.00
25.00
23.00
21.00
20.00
20.00
20.00
20.00
19.00
20.00
20.00
19.00
19.00
18.00
18.00
15.00
15.00
16.00
17.00
21.00
25.00
26.00
28.00
27.00
26.00
22.00
22.00
20.00
19.00
17.00
18.00
18.00
17.00
19.00
19.00
20.00
22.00
21.00
20.00
17.00
18.00
20.00
21.00
22.00
22.00
22.00
25.00
23.00
23.00
23.00
23.00
19.00
16.00
17.00
13.00
14.00
14.00
14.00
16.00
14.00
15.00
14.00
13.00
10.00
8.00
6.00
9.00
10.00
13.00
15.00
14.00
15.00
16.00
15.00
12.00
9.00
8.00
6.00
4.00
6.00
6.00
6.00
6.00
7.00
7.00
7.00
4.00
4.00
2.00
2.00
0.00
-1.00
-2.00
2.00
2.00
2.00
2.00
2.00
2.00
5.00
4.00
4.00
-1.00
-4.00
-7.00
-11.00
-12.00
-13.00
-14.00
-14.00
-14.00
-16.00
-15.00
-17.00
-16.00
-16.00
-15.00
-11.00
-10.00
-5.00
-1.00
0.00
0.00
1.00
3.00
3.00
5.00
6.00
8.00
12.00
15.00
18.00
16.00
17.00
13.00
12.00
10.00
10.00
14.00
13.00
11.00
10.00
6.00
6.00
3.00
1.00
-3.00
-2.00
0.00
3.00
4.00
4.00
1.00
-3.00
-5.00
-4.00
-5.00
3.00
6.00
5.00
8.00
6.00
8.00
9.00
11.00
15.00
19.00
19.00
16.00
7.00
5.00
3.00
2.00
2.00
5.00
6.00
7.00
7.00
4.00
2.00
-2.00
2.36
3.74
5.02
6.43
8.00
9.62
11.24
12.84
14.45
16.05
17.56
18.92
20.10
20.49
18.00
22.00
24.00
23.00
24.00
20.33
22.00
21.00
20.00
19.00
21.00
19.00
19.00
22.00
22.00
26.00
29.00
30.00
26.00
29.00
26.00
26.00
25.00
26.00
26.00
26.00
25.00
27.00
28.00
29.00
30.00
30.00
31.00
31.00
30.00
28.00
29.00
30.00
30.00
32.00
30.00
29.00
31.00
25.00
24.00
24.00
20.00
21.00
22.00
21.00
21.00
24.00
23.00
24.00
24.00
22.00
23.00
22.00
19.00
17.00
13.00
12.00
9.00
9.00
10.00
11.00
11.00
11.00
11.00
7.00
6.00
6.00
4.00
5.00
1.00
0.00
1.00
0.00
-4.00
-2.00
-2.00
2.00
7.00
13.00
17.00
22.00
26.00
29.00
30.00
32.00
36.00
37.00
35.00
31.00
30.00
24.00
20.00
19.00
18.00
23.00
34.00
45.00
52.00
52.00
53.00
51.00
49.00
55.00
61.00
68.00
76.00
80.00
88.00
90.00
93.00
91.00
88.00
85.00
82.00
83.00
86.00
97.00
102.00
112.00
120.00
121.00
118.00
112.00
107.00
103.00
100.00
93.00
94.00
87.00
91.00
91.00
94.00
92.00
93.00
87.00
84.00
85.00
86.00
88.00
86.00
90.00
90.00
90.00
86.00
83.00
75.00
74.00
72.00
69.00
67.00
69.00
71.00
71.00
74.00
77.00
78.00
79.00
77.00
77.00
72.00
66.00
63.00
56.00
54.00
50.00
47.00
44.00
44.00
45.00
45.00
45.00
47.00
50.00
51.00
51.00
58.00
64.00
64.00
64.00
66.00
64.00
63.00
63.00
60.00
56.00
56.00
55.00
52.00
48.00
42.00
40.00
40.00
39.00
39.00
40.00
38.00
39.00
38.00
36.00
35.00
33.00
35.00
34.00
35.00
36.00
35.00
33.00
32.00
31.00
31.00
31.00
30.00
28.00
28.00
27.00
26.00
20.00
19.00
16.00
17.00
18.00
20.00
16.00
14.00
11.00
8.00
7.00
7.00
7.00
10.00
12.00
14.00
12.00
13.00
9.00
5.00
0.00
-1.00
-7.00
-6.00
-5.00
-5.00
-2.00
-5.00
-7.00
-9.00
-4.00
1.00
2.00
9.00
9.00
11.00
15.00
22.00
27.00
34.00
37.00
40.00
36.00
41.00
37.00
40.00
41.00
43.00
44.00
43.00
42.00
42.00
42.00
40.00
43.00
42.00
45.00
42.00
41.00
38.00
35.00
31.00
30.00
26.00
26.00
27.00
27.00
29.00
28.00
28.00
26.00
25.00
21.00
23.00
26.00
26.00
21.00
24.00
25.00
24.00
30.00
42.00
48.00
53.00
57.00
56.00
53.00
46.00
45.00
41.00
39.00
35.00
32.00
29.00
27.00
26.00
30.00
33.00
34.00
34.00
34.00
36.00
43.00
48.00
49.00
55.00
56.00
61.00
55.00
57.00
49.00
54.00
53.00
59.00
65.00
67.00
73.00
75.00
73.00
72.00
74.00
71.00
66.00
63.00
61.00
62.00
68.00
73.00
76.00
80.00
74.00
65.00
64.00
69.00
65.00
69.00
65.00
67.00
67.00
66.00
66.00
61.00
59.00
57.00
57.00
53.00
51.00
49.00
49.00
48.00
51.00
58.00
58.00
55.00
55.00
49.00
46.00
44.00
40.00
40.00
42.00
45.00
48.00
45.00
43.00
42.00
39.00
40.00
39.00
40.00
38.00
35.00
32.00
26.00
25.00
26.00
28.00
32.00
35.00
35.00
33.00
29.00
26.00
29.00
24.00
25.00
25.00
26.00
25.00
26.00
28.00
27.00
28.00
26.00
25.00
24.00
24.00
20.00
20.00
21.00
21.00
24.00
28.00
28.00
27.00
30.00
26.00
26.00
23.00
24.00
26.00
30.00
42.00
49.00
55.00
55.00
51.00
43.00
43.00
41.00
39.00
44.00
42.00
41.00
41.00
42.00
44.00
46.00
49.00
49.00
48.00
54.00
53.00
54.00
49.00
47.00
48.00
49.00
49.00
53.00
56.00
56.00
58.00
57.00
59.00
54.00
55.00
53.00
49.00
50.00
52.00
54.00
51.00
51.00
41.00
36.00
36.00
27.00
23.00
17.00
11.00
11.00
11.00
14.00
18.00
23.00
29.00
33.00
35.00
38.00
38.00
39.00
40.00
41.00
45.00
47.00
48.00
48.00
45.00
44.00
41.00
37.00
37.00
34.00
33.00
33.00
34.00
40.00
38.00
39.00
37.00
37.00
44.00
43.00
46.00
45.00
43.00
44.00
47.00
45.00
50.00
51.00
48.00
46.00
40.00
37.00
28.00
22.00
18.00
14.00
10.00
11.00
11.00
10.00
15.00
14.00
16.00
17.00
16.00
19.00
18.00
17.00
19.00
22.00
23.00
26.00
28.00
32.00
30.00
29.00
24.00
22.00
17.00
15.00
14.00
14.00
13.00
16.00
14.00
16.00
16.00
16.00
17.00
21.00
27.00
32.00
36.00
37.00
35.00
33.00
29.00
27.00
25.00
25.00
22.00
15.00
8.00
7.00
5.00
4.00
6.00
8.00
10.00
14.00
15.00
15.00
18.00
18.00
20.00
19.00
18.00
14.00
13.00
9.00
13.00
16.00
18.00
21.00
24.00
24.00
24.00
24.00
28.00
31.00
32.00
31.00
33.00
32.00
40.00
41.00
46.00
48.00
50.00
55.00
54.00
55.00
56.00
54.00
55.00
61.00
64.00
70.00
75.00
75.00
80.00
78.00
81.00
76.00
72.00
66.00
63.00
65.00
64.00
63.00
62.00
60.00
57.00
54.00
50.00
48.00
45.00
42.00
42.00
46.00
44.00
46.00
43.00
42.00
39.00
37.00
36.00
35.00
39.00
43.00
51.00
55.00
54.00
53.00
56.00
63.00
63.00
63.00
60.00
59.00
58.00
53.00
49.00
46.00
50.00
64.00
72.00
81.00
81.00
83.00
77.00
78.00
76.00
75.00
72.00
70.00
68.00
74.00
79.00
82.00
90.00
94.00
91.00
87.00
75.00
64.00
55.00
49.00
44.00
39.00
33.00
26.00
22.00
19.00
14.00
11.00
10.00
12.00
12.00
16.00
20.00
29.00
35.00
39.00
40.00
42.00
41.00
36.00
35.00
34.00
37.00
35.00
36.00
32.00
31.00
30.00
32.00
37.00
38.00
44.00
45.00
45.00
43.00
44.00
43.00
48.00
50.00
53.00
51.00
46.00
46.00
45.00
46.00
45.00
44.00
44.00
44.00
43.00
45.00
48.00
47.00
55.00
57.00
64.00
65.00
63.00
60.00
51.00
40.00
34.00
27.00
23.00
21.00
18.00
14.00
10.00
10.00
18.00
18.00
23.00
27.00
33.00
34.00
39.00
45.00
54.00
68.00
82.00
87.00
86.00
83.00
78.00
74.00
75.00
79.00
80.00
73.00
70.00
62.00
56.00
50.00
49.00
46.00
45.00
41.00
39.00
38.00
34.00
34.00
33.00
34.00
41.00
49.00
49.00
55.00
54.00
55.00
55.00
56.00
62.00
66.00
67.00
64.00
60.00
55.00
53.00
48.00
49.00
45.00
41.00
37.00
34.00
29.00
29.00
31.00
33.00
33.00
36.00
37.00
37.00
41.00
43.00
49.00
52.00
55.00
53.00
55.00
52.00
51.00
47.00
44.00
42.00
39.00
37.00
34.00
35.00
35.00
35.00
36.00
36.00
38.00
41.00
41.00
43.00
45.00
44.00
44.00
47.00
44.00
44.00
43.00
43.00
42.00
40.00
39.00
37.00
37.00
35.00
33.00
30.00
29.00
28.00
30.00
29.00
30.00
28.00
30.00
33.00
35.00
39.00
42.00
46.00
47.00
47.00
48.00
51.00
53.00
53.00
54.00
52.00
52.00
50.00
49.00
47.00
46.00
45.00
45.00
43.00
45.00
44.00
48.00
49.00
48.00
47.00
51.00
48.00
51.00
53.00
53.00
51.00
50.00
49.00
46.00
46.00
46.00
44.00
43.00
39.00
39.00
36.00
37.00
39.00
42.00
46.00
45.00
46.00
44.00
44.00
42.00
44.00
48.00
50.00
53.00
53.00
50.00
49.00
44.00
42.00
41.00
41.00
35.00
29.00
25.00
22.00
21.00
21.00
23.00
22.00
22.00
20.00
20.00
20.00
20.00
26.00
28.00
32.00
35.00
40.00
44.00
46.00
53.00
52.00
49.00
52.00
48.00
46.00
39.00
37.00
39.00
43.00
33.00
32.00
27.00
30.00
34.00
42.00
47.00
52.00
61.00
64.00
75.00
77.00
79.00
78.00
76.00
71.00
69.00
59.00
55.00
45.00
37.00
32.00
28.00
32.00
41.00
40.00
37.00
31.00
30.00
34.00
39.00
49.00
61.00
69.00
77.00
77.00
75.00
73.00
68.00
70.00
69.00
65.00
65.00
57.00
53.00
45.00
43.00
45.00
47.00
49.00
54.00
57.00
57.00
58.00
53.00
56.00
63.00
70.00
79.00
78.00
78.00
74.00
68.00
67.00
65.00
63.00
64.00
68.00
72.00
74.00
77.00
81.00
87.00
90.00
88.00
84.00
79.00
76.00
71.00
67.00
61.00
57.00
46.00
45.00
36.00
33.00
29.00
21.00
20.00
19.00
20.00
24.00
28.00
34.00
36.00
41.00
38.00
38.00
36.00
34.00
33.00
34.00
33.00
33.00
36.00
37.00
38.00
36.00
35.00
31.00
31.00
30.00
28.00
27.00
26.00
27.00
28.00
29.00
30.00
30.00
30.00
27.00
26.00
25.00
27.00
27.00
30.00
35.00
34.91
35.01
36.00
33.00
32.00
29.00
24.00
27.00
28.00
31.00
33.00
33.00
32.00
30.00
28.00
23.00
18.00
19.00
18.00
18.00
18.00
18.00
17.00
18.00
16.00
15.00
13.00
12.00
12.00
12.00
12.00
11.00
11.00
11.00
8.00
8.00
8.00
5.00
7.00
10.00
14.00
11.00
12.00
10.00
8.00
7.00
7.00
7.00
11.00
13.00
17.00
20.00
21.00
19.00
16.00
15.00
14.00
14.00
9.00
3.00
-2.00
0.00
0.00
1.00
3.00
5.00
4.00
2.00
-1.00
1.00
3.00
9.00
11.00
16.00
16.00
18.00
20.00
21.00
19.00
14.00
12.00
9.00
6.00
3.00
-1.00
-1.00
1.00
1.00
1.00
5.00
4.00
5.00
5.00
10.00
9.00
15.00
21.00
29.00
36.00
41.00
44.00
46.00
44.00
46.00
46.00
46.00
45.00
43.00
36.00
32.00
22.00
23.00
19.00
17.00
12.00
14.00
12.00
10.00
10.00
8.00
10.00
15.00
22.00
22.00
37.00
48.00
48.00
48.00
43.00
40.00
37.00
37.00
36.00
36.00
32.00
29.00
27.00
20.00
20.00
17.00
16.00
16.00
20.00
23.00
27.00
30.00
34.00
31.00
33.00
31.00
34.00
35.00
38.00
40.00
42.40
41.00
38.00
32.00
28.00
27.00
25.00
24.00
22.00
20.00
15.00
16.00
15.00
18.00
20.00
21.00
21.00
22.00
24.00
27.00
27.00
28.00
27.00
27.00
23.00
20.00
17.00
15.00
12.00
13.00
17.00
18.00
15.00
15.00
17.00
16.00
16.00
18.00
17.00
21.00
22.00
24.00
25.00
23.00
26.00
25.00
23.00
25.00
23.00
25.00
25.00
27.00
24.00
27.00
25.00
23.00
24.00
26.00
25.00
25.00
20.00
19.00
21.00
21.00
20.00
21.00
20.00
17.00
12.00
16.00
11.00
10.00
11.00
12.00
10.00
10.00
9.00
8.00
7.00
2.00
4.00
2.00
5.00
6.00
7.00
9.00
9.00
11.00
10.00
7.00
6.00
2.00
2.00
0.00
1.00
2.00
3.00
5.00
6.00
3.00
0.00
-3.00
-3.00
-7.00
-6.00
-7.00
-5.00
-6.00
-5.00
-4.00
-4.00
-4.00
-4.00
-5.00
-7.00
-8.00
-8.00
-10.00
-8.00
-5.00
-7.00
-9.00
-10.00
-10.00
-16.00
-16.00
-14.00
-11.00
-10.00
-13.00
-14.00
-15.00
-17.00
-19.00
-25.00
-19.00
-19.00
-18.00
-17.00
-17.00
-18.00
-17.00
-15.00
-16.00
-11.44
-10.50
-8.95
-7.09
-5.80
-4.73
-4.19
-3.91
-3.00
-7.00
-8.00
-10.00
-8.00
-1.00
0.00
4.00
5.00
7.00
7.00
10.00
11.00
10.00
11.00
7.00
4.00
2.00
1.00
3.00
3.00
3.00
5.00
5.00
3.00
3.00
2.00
0.00
6.00
10.00
16.00
22.00
23.00
24.00
25.00
28.00
28.00
28.00
26.00
26.00
26.00
26.00
25.00
26.00
26.00
28.00
26.00
25.00
17.00
11.00
13.00
10.00
9.00
7.00
7.00
5.00
5.00
5.00
3.00
-1.00
-5.00
-11.00
-10.00
-10.00
-10.00
-9.00
-9.00
-5.00
-6.00
-1.00
2.00
3.00
1.00
1.00
1.00
-3.00
-5.00
-3.00
-1.00
-2.00
-1.95
-2.22
-2.87
-3.83
-5.09
-6.22
-7.75
-8.97
-9.96
-12.00
-11.00
-8.00
-7.00
-4.00
-2.00
-5.00
-2.00
-1.00
-1.00
-1.00
3.00
5.00
8.00
13.00
11.00
12.00
8.00
8.00
7.00
4.00
5.00
5.00
1.00
-3.00
-2.00
-4.00
-1.00
-1.00
0.00
-2.00
-4.00
-7.00
-9.00
-11.00
-13.00
-11.00
-11.00
-10.00
-10.00
-7.00
-9.00
-8.00
-9.00
-9.00
-12.00
-11.00
-15.00
-14.00
-16.00
-18.00
-15.00
-13.00
-14.00
-11.00
-11.00
-12.00
-13.00
-14.00
-14.00
-16.00
-15.00
-14.00
-10.00
-7.00
-2.00
0.00
-1.00
-4.00
-4.00
-7.00
-7.00
-6.00
-5.00
-4.00
1.00
-1.00
3.00
5.00
2.00
6.00
9.00
10.00
15.00
16.00
18.00
19.00
21.00
20.00
22.00
15.00
13.00
9.00
10.00
7.00
6.00
4.00
7.00
7.00
10.00
9.00
16.00
17.00
22.00
17.00
20.00
14.00
13.00
9.00
9.00
6.00
6.00
2.00
2.00
7.00
5.00
2.00
1.00
-6.00
-12.00
-17.00
-19.00
-15.00
-15.00
-15.00
-12.00
-10.00
-10.00
-7.00
-3.00
3.00
5.00
10.00
9.00
11.00
8.00
7.00
9.00
10.00
13.00
12.00
15.00
10.00
15.00
10.00
8.00
10.00
12.00
12.00
13.00
17.00
21.00
27.00
30.00
39.00
44.00
47.00
48.00
50.00
50.00
48.00
46.00
42.00
38.00
34.00
30.00
27.00
22.00
17.00
12.00
4.00
1.00
-1.00
-1.00
-1.00
-1.00
2.00
2.00
2.00
1.00
1.00
-1.00
-1.00
-1.00
-1.00
0.00
-2.00
0.00
-1.00
0.00
-1.00
