4.065915988888478161e+00 1.784783965365461134e+00
4.154128114617249956e+00 1.403974951622916523e+00
3.806803042353287925e+00 1.494539972789621585e+00
4.933191975554710673e+00 2.151439178873826297e+00
3.764939271975892954e+00 2.203697872324667184e+00
3.767010317283656651e+00 1.829922243622249978e+00
4.104316812292971406e+00 1.598871527285761651e+00
3.991610193609323787e+00 2.136643345387137849e+00
3.245529906871265968e+00 1.628859396009887606e+00
4.262542254628482574e+00 1.983615991433341996e+00
3.198613577585283085e+00 1.355950714590379080e+00
3.505275958839734418e+00 1.190553697206099715e+00
3.618093415668613755e+00 1.794225584540085183e+00
4.107097141886454139e+00 1.790998107212269819e+00
4.623937854009730231e+00 1.335976116121548651e+00
5.475313732904496966e+00 1.666232454173771860e+00
4.991456934466929951e+00 2.198996811413700847e+00
5.370363760947436838e+00 1.797178650795738575e+00
4.881115607115849464e+00 1.672349453081866999e+00
4.974458619911665380e+00 1.507796323467152089e+00
5.372998430847378160e+00 2.286427087650801937e+00
4.665535401867054510e+00 2.077958783168778911e+00
6.391766732121701544e+00 3.636059092528334702e+00
5.537757061582786910e+00 2.492298271006614829e+00
8.420200967596832342e+00 4.165911289051519084e+00
8.437461242732426925e+00 3.733425977923996886e+00
9.361980355176099167e+00 3.056374507499678650e+00
9.320576711446761919e+00 3.125867418696661737e+00
7.683429619757572659e+00 1.874714320368232601e+00
7.773749662914113401e+00 3.662187868151691283e+00
7.298581397022086747e+00 2.489355747838559729e+00
1.082910340595831222e+01 4.047890193494582789e+00
7.082954596206548992e+00 2.204304485458307816e+00
9.196349798306497902e+00 3.602906228722558168e+00
9.398214337416685993e+00 3.912339923324249735e+00
8.767583861359304009e+00 2.263754965634743321e+00
9.035341341235243462e+00 2.248765380608237940e+00
9.267225461467520020e+00 2.862439798583207740e+00
6.900580756481926592e+00 2.757894110250814546e+00
7.916234604831036137e+00 2.512635639490896633e+00
8.972869904919754447e+00 3.048459052805018388e+00
1.096843122451409158e+01 4.672601906240349656e+00
6.172750521995560291e+00 2.868460959463277504e+00
6.076950219954273535e+00 2.864948566879896408e+00
6.436369139618324908e+00 1.968753626423214165e+00
5.774945276083592205e+00 1.303733577840777036e+00
3.244604577836222692e+00 1.547269349677867334e+00
2.862139321151199400e+00 1.336280359869860268e+00
4.197379210193704857e+00 2.612663000874130947e+00
3.682895266415357582e+00 1.307139868881638911e+00
4.816242343527592062e+00 1.456325454036997202e+00
5.772992571484614643e+00 1.826141476862023882e+00
6.062889000097243297e+00 2.889535987104463022e+00
8.996321910889937712e+00 3.750887662815028722e+00
7.758883381010214464e+00 3.577421791381302452e+00
8.182742690433173038e+00 4.208205999803843689e+00
8.710362585050525297e+00 3.276672302487741550e+00
9.538073565319278302e+00 4.152875311995615881e+00
9.820168479995919242e+00 4.630074954158733824e+00
7.102935723929470591e+00 4.501220872071386658e+00
4.647865333527495757e+00 2.074200581325131854e+00
4.677464412643033143e+00 1.821024711238345972e+00
5.908065476339058542e+00 2.627922521850981408e+00
6.962052185581616648e+00 2.527841758746517620e+00
6.961866125780385772e+00 4.116208150587151060e+00
8.947877993596762281e+00 4.675941179175977069e+00
1.005071929141637987e+01 3.924488909657016134e+00
9.326017586518355884e+00 3.721815311143378935e+00
1.068355390233547553e+01 3.920521041332773127e+00
9.151796005636503750e+00 3.484990660811084329e+00
7.975705395529879560e+00 2.417561699108468964e+00
7.270803193224888439e+00 1.867425735541213605e+00
7.533748852699456044e+00 1.803616393436697551e+00
9.395790427240932274e+00 4.123607083755618241e+00
6.437277824569001439e+00 2.340505744490334106e+00
4.932070348552154648e+00 1.475552521339362544e+00
4.665480312508971217e+00 1.525821370265944887e+00
4.391810670225262392e+00 1.724697007171787977e+00
5.005799112145851382e+00 1.584246440635032949e+00
4.763474137670272945e+00 1.571743792966054265e+00
4.302514568718581067e+00 1.867332767767678536e+00
3.669077211761625268e+00 1.141609129563323721e+00
5.199161848898881999e+00 2.006220088859762107e+00
4.043757866866672934e+00 1.644708072363315177e+00
3.826932278925987418e+00 1.023410458275654911e+00
3.267214854181440753e+00 1.043672681028094962e+00
4.174979909141908863e+00 2.048193471649440323e+00
4.130183782697130823e+00 1.117419291905396239e+00
4.049766876748938316e+00 1.286667757403717305e+00
3.347818110234970224e+00 9.483855717228273363e-01
3.669315494247777920e+00 1.975947652559262746e+00
4.829142875027803150e+00 1.487630892252244763e+00
4.971225428318630790e+00 1.329357080079822229e+00
4.651324021200057501e+00 1.397034503838854969e+00
3.775175606749303636e+00 1.741228900244824018e+00
3.907067296969300774e+00 1.668966983363142864e+00
4.205395316426755237e+00 1.543192138713106232e+00
3.166820500694280671e+00 1.572981502398278275e+00
2.292403178586235768e+00 1.339247812638105994e+00
3.182225191405728904e+00 1.908757188444868858e+00
2.945503196708630700e+00 1.194103729643464451e+00
3.105649342337405638e+00 1.644591573513827232e+00
2.977133136810807823e+00 1.323494700292823012e+00
5.720429961233008953e+00 2.363356984940808481e+00
6.253135610621423091e+00 2.816798054641260762e+00
6.869792210279856981e+00 2.208485140807483038e+00
7.369836998778807491e+00 2.498512772432472495e+00
7.820202723994218452e+00 3.023016036007598828e+00
7.738788723834310268e+00 3.311168736061760764e+00
7.198706872998521966e+00 2.668302787416010347e+00
8.672182273469850600e+00 3.673834339752972244e+00
8.579238422337169823e+00 3.019869451111528491e+00
1.017364267076876061e+01 3.028772085861909158e+00
7.760455888583199346e+00 3.206291742559750801e+00
6.321792592538241884e+00 2.552146567496561769e+00
5.788975445986911161e+00 2.427037910702051882e+00
6.291848039317765817e+00 2.464872020383486628e+00
5.407385260936671045e+00 2.198257558941709711e+00
3.690792858640712382e+00 1.835825874342082997e+00
3.789505430769514849e+00 1.922973746508577664e+00
2.573427497760178984e+00 1.417795757991180849e+00
3.243077327594997339e+00 1.455673488555575990e+00
2.381526094699146334e+00 1.352566082144520898e+00
3.094196405717327902e+00 1.349745288612941962e+00
2.452667912771086645e+00 1.193473838059809333e+00
2.657402910620198622e+00 9.933497798682398017e-01
2.474414176060003800e+00 8.607054388188075666e-01
2.387710334263846601e+00 1.061724916034557431e+00
2.358429804172379018e+00 1.037845384499766155e+00
3.303662513375724696e+00 1.440717137431157813e+00
2.586019134551385878e+00 1.231188165620083819e+00
1.881375803159456295e+00 1.283895983337934421e+00
2.492170459551922956e+00 1.316958213005564815e+00
2.749567200093522512e+00 1.390268951376743001e+00
3.702849833295431381e+00 1.602049357497292048e+00
4.230336353371645153e+00 2.290967772314763895e+00
4.065099235284034940e+00 1.183766480907560092e+00
3.195341875861302583e+00 1.214111059083881061e+00
3.689733810005721981e+00 1.702996614456850466e+00
4.812151999962703819e+00 1.741950763604281249e+00
7.597601299810119890e+00 3.984206894159970425e+00
5.736167978774489029e+00 2.521873378821276379e+00
5.840480769281548135e+00 2.589766726620688075e+00
4.524860623307893626e+00 2.539620710967629869e+00
5.229577509741285546e+00 2.437328295073989182e+00
7.431197618192108223e+00 3.482814502643636789e+00
5.110369842819644681e+00 2.622312051191572735e+00
6.528953645699636432e+00 2.600755623910492087e+00
8.365752274301373248e+00 4.680453873040280044e+00
9.667466428900192810e+00 7.732288438844540757e+00
1.008069875258180303e+01 2.958912495882486393e+00
8.208246101360717972e+00 3.259995820465872551e+00
9.115848239769382744e+00 2.910203188201080593e+00
1.067728630867382300e+01 3.278111800791327468e+00
1.038241871653449344e+01 5.312777620869222339e+00
7.683975109634487488e+00 1.979990849950505449e+00
6.982603992891344369e+00 2.479250625422182885e+00
7.371272828214780581e+00 3.104109021652146527e+00
6.264068893406314231e+00 2.969656567579087802e+00
4.911743018650878589e+00 2.702759017242744921e+00
5.664088885361519665e+00 1.345999673043650091e+00
5.643137198272872190e+00 1.497941547193659018e+00
4.909625862496232784e+00 1.677938748258576807e+00
5.581424966171098845e+00 1.773052382771335589e+00
4.405898340416963599e+00 1.748422371977953249e+00
5.244609149393278713e+00 1.454683060212774715e+00
4.880253531365837283e+00 1.889659861925262474e+00
6.371049571001201173e+00 2.939400700895205443e+00
8.417177141023556075e+00 3.579308016300533080e+00
8.788815366837427590e+00 3.880086811713756134e+00
8.629243083992504282e+00 4.094707822112576778e+00
1.162370907595878755e+01 4.556719860223722662e+00
9.581285731940727857e+00 3.927863195643285010e+00
8.042716878681362758e+00 4.232541027627834573e+00
8.599086408918248381e+00 4.100211196592511875e+00
1.255531323164133006e+01 4.163877713026087335e+00
1.001488941965497226e+01 3.892789542485453502e+00
9.683156863781894330e+00 3.250706040136950303e+00
8.561662962537347710e+00 3.328636034144581313e+00
8.075810609722198663e+00 2.666190338154849293e+00
6.711478925949606378e+00 3.321485463244250091e+00
6.476251635697511055e+00 2.686560261450509746e+00
6.009169660020158510e+00 2.336202285346820950e+00
4.758634537045154822e+00 1.912249399247360593e+00
3.740368614732465957e+00 1.857248863711187692e+00
5.973052353257183533e+00 2.134961230170886015e+00
5.272146754687166315e+00 2.278746362413701654e+00
3.954105838611024826e+00 1.415752883877124280e+00
4.151671022582871906e+00 1.166006417813951312e+00
5.563113509227332720e+00 1.528576947371446337e+00
6.281886349234892641e+00 1.397570506892304110e+00
9.444874845035572619e+00 4.646490698753134474e+00
1.117503902054134812e+01 4.158038840777830814e+00
9.383280400015655331e+00 2.860977994690226289e+00
8.150448043778919072e+00 3.126206993323574324e+00
6.865427717477637692e+00 2.339228028308117491e+00
7.151912825007873842e+00 3.199872913903551996e+00
7.180566480896594328e+00 2.368472734775719069e+00
7.081336076600572405e+00 2.435120343760058592e+00
9.247928308595977143e+00 3.895316700414145572e+00
1.052504447493520701e+01 3.869815869412958520e+00
8.051007141270474676e+00 4.662124549701736065e+00
5.915084218373858782e+00 2.189795594251680022e+00
6.750244124123668144e+00 2.548170909549501317e+00
6.182966944999801484e+00 2.703424132403075664e+00
6.984208625201477894e+00 2.607483089580123092e+00
8.639049125808568874e+00 3.129094760285519250e+00
7.311321338752122756e+00 2.856666858926041108e+00
9.040492629203518149e+00 4.466328866840235001e+00
8.562274009355348880e+00 4.002123199639573414e+00
7.122726716501684763e+00 3.041021647756318558e+00
1.007774474180383351e+01 4.705575501903810576e+00
9.315866826900956355e+00 3.637691037892784252e+00
8.670299462600915774e+00 3.643811913760352184e+00
7.772454104724609181e+00 3.230627610524689608e+00
9.687485053588364536e+00 2.737933926997943690e+00
6.410987298378103993e+00 2.412496648307273617e+00
6.363933767378497919e+00 2.542020661368028289e+00
6.624655387921092320e+00 3.295683114430825178e+00
5.044343708568203688e+00 1.667624733350449473e+00
6.588953383084427351e+00 3.117914252849246282e+00
7.562425587797963367e+00 2.935150907317543023e+00
7.229654414178082078e+00 3.036347674955389930e+00
1.011672940604436377e+01 3.518693675964242207e+00
8.091771426943424217e+00 3.189083305083398212e+00
8.255253872331385523e+00 3.336210625998456525e+00
8.023615704838938711e+00 5.733905085411510782e+00
1.166255068259254379e+01 5.475712767295485506e+00
1.022135805984751933e+01 3.884045611455357427e+00
8.646300234069224544e+00 2.775440533681541755e+00
6.776722438034437523e+00 3.448266467737727492e+00
5.127042105071168976e+00 2.687799080336056079e+00
5.945515007428505250e+00 2.442028006358613723e+00
5.739365909563379553e+00 2.786147844367665716e+00
6.692936107300385906e+00 3.047201089726308876e+00
9.262662879788830850e+00 4.594164351645374289e+00
7.651491816469946805e+00 3.508933488324549543e+00
8.423064903836804618e+00 3.268840613845776844e+00
6.676123214669132722e+00 3.103021265570439446e+00
7.197904424540310764e+00 3.332875314907860265e+00
8.030786848224600760e+00 4.071629987818084828e+00
8.429929947580447447e+00 2.606438496413422179e+00
6.211722556318324706e+00 2.635108995646301633e+00
6.098196586814265352e+00 2.930710850269145684e+00
6.211600156667242523e+00 2.631698254067083909e+00
6.768279716731162132e+00 2.840865241044315148e+00
7.109480911194697050e+00 2.186770435703298432e+00
1.061209517606371477e+01 5.005709948697197653e+00
1.381833761937453708e+01 8.135451772124318026e+00
1.195826301104465905e+01 5.527302899001953485e+00
7.901201397847825270e+00 2.440668386889380148e+00
7.492791748872323687e+00 2.647255936656309316e+00
8.809293165172061180e+00 2.756964552295080750e+00
9.618582772967918970e+00 3.157297004505525972e+00
1.179426187841723639e+01 4.862685215105524428e+00
8.456756602457916827e+00 3.457631089781069367e+00
8.284768212610023497e+00 2.979029588258568673e+00
9.972935695798625488e+00 4.094716965862756908e+00
8.974057193124691523e+00 3.956503031564776673e+00
1.069573886682964492e+01 3.381241738823030918e+00
8.739564073105908548e+00 3.876748406512510403e+00
7.704538259956980717e+00 3.409676959961882137e+00
1.431999124146800284e+01 8.993650910805332188e+00
1.819589274163909565e+01 1.036438019733335381e+01
1.817327309863261320e+01 7.472632737344074627e+00
2.004661277879067427e+01 5.523696105307491777e+00
2.142128092860791355e+01 5.420115389042917009e+00
1.488447095984300006e+01 4.589615737692048114e+00
1.074670226657852545e+01 3.727800206292184448e+00
6.050527676668951749e+00 3.043285760682602703e+00
5.275424813420646508e+00 1.997749644296580529e+00
7.777209438384116602e+00 2.795034316921856110e+00
6.281016123822671382e+00 2.803311826401471585e+00
4.871840898730085634e+00 2.128845514071879830e+00
6.016070334847611889e+00 2.832261676545909879e+00
5.288766668514743863e+00 2.257989903969428447e+00
5.366473269646476751e+00 2.219733437594445302e+00
7.224329062300893334e+00 3.210475794486093992e+00
7.702831849036447132e+00 3.756684455077869078e+00
8.337310247669849517e+00 3.779917054010294208e+00
9.054537213695637021e+00 3.454089688668598335e+00
1.067704541478333802e+01 4.190278184604143696e+00
9.513906615367993425e+00 4.277797820561464626e+00
7.212187674654522596e+00 3.670335398597628362e+00
6.332141737419743954e+00 2.275248513739854594e+00
5.476430281117203869e+00 1.884258436600676712e+00
6.036880111630916979e+00 2.376943595070798665e+00
7.676973280633698771e+00 2.712457740296280839e+00
6.007718739372101879e+00 2.289673526713585705e+00
5.027448144675528141e+00 2.678711123640490133e+00
5.645283241765540083e+00 2.001424595189689626e+00
4.651669441771982605e+00 1.613468887541587460e+00
3.767694644113281033e+00 1.551871763157042672e+00
3.398039479756023606e+00 1.133198193430898337e+00
3.809807895116714693e+00 1.538707307919841449e+00
5.176219806728115103e+00 1.939973936971411961e+00
5.432573988898245609e+00 1.963613802862104185e+00
3.347899831063308795e+00 1.606329215618651496e+00
5.114003684504216274e+00 2.207998256986600349e+00
4.279646559371733439e+00 1.516313209648489035e+00
5.625253889891287606e+00 2.739352381774323497e+00
4.966490720081172761e+00 2.216183668662606188e+00
5.925312025257889026e+00 1.908061183036024788e+00
4.032913555776187486e+00 1.627424345533261318e+00
5.519008001354900550e+00 2.090448907267439704e+00
4.533171977660874319e+00 1.540705021057057200e+00
5.464001920533019252e+00 1.736512197392856560e+00
6.325951632037035033e+00 2.801060600484232666e+00
6.143534090236754786e+00 2.886332236923801364e+00
7.266933806973667309e+00 2.548768595216999167e+00
9.186706469477476489e+00 3.792200153730853174e+00
7.373197096722748256e+00 3.981204264400524107e+00
6.958693359130253775e+00 2.442857581416551849e+00
1.086091750069224382e+01 4.321267492223229922e+00
1.001926922215870341e+01 3.439386202155503724e+00
6.581945664380660865e+00 3.255584308713266317e+00
9.040903119351961337e+00 4.402967448670452200e+00
7.447405399326652464e+00 3.552101188366280748e+00
8.443172974211492487e+00 3.482469018162240193e+00
7.784834409806698829e+00 3.491033822621913085e+00
5.600811431064360413e+00 3.034697108617306682e+00
7.133131517304036606e+00 3.330635156228102467e+00
7.447196224087533345e+00 3.405157736242082844e+00
6.202522229118176078e+00 2.847069603920233227e+00
7.203706802915462504e+00 3.156128355820110976e+00
7.832328565195163073e+00 2.488204681813691810e+00
5.496033652387026791e+00 2.183987989785741934e+00
5.769448025044689565e+00 3.040079637171817062e+00
5.623779582046004144e+00 2.406465488197370828e+00
4.055365203770996629e+00 1.838556264606016288e+00
6.239807476030345690e+00 2.219272233103996683e+00
5.270735436910872984e+00 2.173761887205396537e+00
3.542856227650788004e+00 1.482130616514889310e+00
3.677154315951975949e+00 1.675615300652866679e+00
4.704153136955780745e+00 1.736042489438863079e+00
3.784996478076796844e+00 1.531501738350127040e+00
4.426828626459610838e+00 1.680149996363386355e+00
4.472096846732422470e+00 1.704578650781717997e+00
4.162370693096909768e+00 2.175002104169184936e+00
4.463446339255256134e+00 1.479925567339200443e+00
5.742217107052783653e+00 2.396314184613540732e+00
5.486198800862903902e+00 2.313709616290709370e+00
3.704861668351469461e+00 1.399765479111793276e+00
4.243583982275192845e+00 1.983810666819900703e+00
4.388054667295883782e+00 2.222109651252592410e+00
3.725854596701676513e+00 1.578149651095682504e+00
5.872505158893194910e+00 2.382678000506051941e+00
6.684155187431932710e+00 2.738933655962879854e+00
6.494655375833235489e+00 3.136054199304701751e+00
6.209925100627869732e+00 2.844802773124187834e+00
6.901948321029608202e+00 2.848651524482712638e+00
7.596102352189302742e+00 2.902941699913157869e+00
5.823987438780217296e+00 2.250491933768994368e+00
4.845528843524456342e+00 1.988060323701291487e+00
5.199201806631148948e+00 3.412011911696363420e+00
5.695848575568905225e+00 2.321253597215635622e+00
5.052765379081417763e+00 1.703276420154216098e+00
4.661560803178202761e+00 1.674761610031228809e+00
5.409497854338868983e+00 2.385328779477859040e+00
6.315238171592923777e+00 2.690279503355589519e+00
5.986560249930165334e+00 2.509627106065111857e+00
5.647963843983800025e+00 2.663151097533515976e+00
5.302409303897485771e+00 1.448852461223006483e+00
4.678838234766407922e+00 1.453558735190119133e+00
5.338943745144161035e+00 1.822292935819324278e+00
5.663251186015204830e+00 2.052052619041038639e+00
4.949291582879567386e+00 3.084379592961086214e+00
3.142742907935334618e+00 1.907556416054931647e+00
5.366448153197803883e+00 2.566334941121489965e+00
6.631653260441005671e+00 3.449143440630102919e+00
5.968343587006799567e+00 2.892367531335544584e+00
5.880829214626655421e+00 2.351015829701160520e+00
7.660512374571077032e+00 3.168232092263359778e+00
7.668691056678632378e+00 3.953339555543102346e+00
7.402231613747180639e+00 3.352252270600819539e+00
4.278113625370768780e+00 1.783624588289902890e+00
4.180125208751050536e+00 1.351909627134182834e+00
4.296359159554850926e+00 1.755735197555423621e+00
4.190737723593711550e+00 1.409293250032656264e+00
4.484273200839890450e+00 1.631945454179906552e+00
3.316202351251269054e+00 1.486754098969593985e+00
3.676927621418310199e+00 1.993953800311097924e+00
3.129221221589546520e+00 1.612892647695458814e+00
4.443961227016351323e+00 2.346865786790712782e+00
4.759137023801162769e+00 2.348225430739654396e+00
6.891475955778548546e+00 3.438899403139143995e+00
5.133354140014030342e+00 1.749552281231650408e+00
4.490758652632666603e+00 1.683993621988548517e+00
5.279896152440133328e+00 2.005284433123936783e+00
5.450250820519722872e+00 1.659709142586099251e+00
6.600988584529848602e+00 3.522814844247443400e+00
5.346701358832596007e+00 2.014622499837569691e+00
6.510861736558077872e+00 3.201019130949918079e+00
6.699563629879254911e+00 2.241089276595419566e+00
5.603451440305117437e+00 1.870417304172575790e+00
5.155229848995246833e+00 1.524839178854260791e+00
5.194909883412927698e+00 1.421903161674626936e+00
4.176992865839818769e+00 1.585227731746203794e+00
6.014454687605123695e+00 1.960003394698655477e+00
5.066087896512089905e+00 1.834499955199708765e+00
5.937307717653194317e+00 2.596150684516319807e+00
4.781050909891374268e+00 2.316921537266354747e+00
5.803517863693689272e+00 2.344657741717912636e+00
5.677560352890040463e+00 2.205276521543614976e+00
6.608919524540332269e+00 2.070961725946877330e+00
7.144358067475849339e+00 2.383872648645055214e+00
5.054051906185859977e+00 2.521294944386419878e+00
6.817890259379365325e+00 2.177080048755289265e+00
6.146304328918826165e+00 2.256396616453829829e+00
5.025115392009705140e+00 2.041308459406673492e+00
4.756193724498239739e+00 2.002162926713802360e+00
6.121096514741179107e+00 2.341406063046473029e+00
6.215473671868219974e+00 2.802405551925542859e+00
4.622518528322544284e+00 2.335535102521506534e+00
5.589521858574227231e+00 2.460052238890686471e+00
5.566392840938088504e+00 2.504545277909512979e+00
5.787343513010219986e+00 2.153392630762569038e+00
7.096925302106821043e+00 2.801546256142287472e+00
8.120002026260346284e+00 2.211336829183854213e+00
1.177021276016186668e+01 4.964345731746881540e+00
7.686740782600314681e+00 2.655082921996168022e+00
8.877052634533196596e+00 3.142893066883258424e+00
6.912748874144132749e+00 4.018304643898657602e+00
1.026287124634984593e+01 3.401177798235657690e+00
1.076637727478600404e+01 5.021944854378958212e+00
1.097638183182176341e+01 3.667487695591297392e+00
1.155196293813172304e+01 5.040151913113527726e+00
6.523704933476973444e+00 3.653201506269004195e+00
6.960369028425826166e+00 3.098238265243890677e+00
5.616271031792759771e+00 2.199227096125934366e+00
