3.938269872958667595e+00 1.501164272658507493e+00
3.532980952934376528e+00 1.470808002128122460e+00
3.974775915779309887e+00 1.717519749512694593e+00
3.551875808928784295e+00 1.311725419596135422e+00
2.573159975954497636e+00 1.532843111101547695e+00
2.300515693004316020e+00 1.144504397912173177e+00
3.385958082647207323e+00 1.613771927029199693e+00
2.975908207739627276e+00 1.438834474573663647e+00
2.855079183925216313e+00 1.670305266154181290e+00
3.925002396333799215e+00 2.091793479955405211e+00
2.963457668706292125e+00 1.389998242823961005e+00
2.542094227453263411e+00 1.225980602509482820e+00
3.183512117403546338e+00 2.103459489354270406e+00
3.755721801046041808e+00 1.901673838361552349e+00
3.952685724887718521e+00 1.404859061846034152e+00
5.320105423812688805e+00 2.165851997004226703e+00
4.954948924373285379e+00 1.973243290165150654e+00
5.271016607112645858e+00 2.109748273459319812e+00
5.129892422410629926e+00 1.796581065189648552e+00
5.008376420771432969e+00 1.624596705457940882e+00
5.446662169086625482e+00 2.416016544549404177e+00
5.940239821544896159e+00 2.555467190584305381e+00
7.331790239868936965e+00 3.259803718680507334e+00
6.443385647764880986e+00 2.044527194370134193e+00
6.854377335647725999e+00 2.982609305754530205e+00
7.861172394578585632e+00 2.619449280250410350e+00
7.797912918180486486e+00 3.170484318036022486e+00
7.591103598130470864e+00 3.693120262217262084e+00
8.838397354655398885e+00 2.314400926218663113e+00
1.209353983898281548e+01 6.052671448608521132e+00
9.394426396418877445e+00 3.043231409888814465e+00
1.017340296477954276e+01 4.231973252739646973e+00
7.437344372315414454e+00 2.134342575611511528e+00
9.010789102041583121e+00 3.532852445623939186e+00
5.779319397942562553e+00 2.739315811668380451e+00
5.210909166788550095e+00 2.428746051894649760e+00
5.201954969640232740e+00 1.846221951778308945e+00
5.673808239556723088e+00 2.000913497272503783e+00
4.060490420512805620e+00 2.034412853495619178e+00
5.152862879914027694e+00 1.921169757358054841e+00
5.859228099799339340e+00 1.863891005268606404e+00
8.035523982347049454e+00 3.959498219424598453e+00
4.281779396744006760e+00 2.062599754735575885e+00
5.464913160156087635e+00 2.537983823071941369e+00
5.743079660252159435e+00 2.372038047347022616e+00
5.726698918726046195e+00 2.082226942136649495e+00
4.283117281508459051e+00 1.656190368955809733e+00
3.333773702295655283e+00 1.350031763675588081e+00
3.100216459512574740e+00 1.867870625016570418e+00
2.852644353521846199e+00 1.489413650535552858e+00
3.587827718522517362e+00 1.568642148689849192e+00
4.850180572769255960e+00 1.831993793420983119e+00
4.228722079099708431e+00 2.161691938495053034e+00
6.975874281144520239e+00 3.078698458199515819e+00
6.588435185145090855e+00 2.971972558652479446e+00
5.527585815382400902e+00 2.516702307103280578e+00
4.996929536166024199e+00 2.763000212254477450e+00
6.866465965109568081e+00 3.724786657124534717e+00
7.763776599358590325e+00 3.717018606729430630e+00
6.644196633819746012e+00 3.444627389867290113e+00
5.730834491972185418e+00 3.012241122086880551e+00
6.439684847038080306e+00 2.749486726604364328e+00
7.138036814409012720e+00 2.749179363328907666e+00
7.263891566616709206e+00 2.151420730191652364e+00
5.622370515594560025e+00 3.014127610344873087e+00
7.340072193366438569e+00 3.787684161016962037e+00
8.180650454652182546e+00 3.173053966286718985e+00
6.827830136021671770e+00 2.645301661759356104e+00
7.720151018731402637e+00 2.819624952779808957e+00
6.595921992708110970e+00 2.323806721795607100e+00
5.462019070527680320e+00 2.354029386578762484e+00
5.717256615797263741e+00 2.956488562115794139e+00
7.639466646909434111e+00 2.526922900289350959e+00
8.011910190173363588e+00 3.374930884509048212e+00
4.677876336601197060e+00 1.444357726742230730e+00
4.805960665403648413e+00 1.400423834415577717e+00
4.569166953350975113e+00 1.445691441953754541e+00
4.942957684125349083e+00 2.483877548092966236e+00
3.835234075205201432e+00 1.407541189974931717e+00
3.499131655551789066e+00 1.782886771514908819e+00
2.848942530581216825e+00 1.123172950287440353e+00
3.347945183213911324e+00 1.454332103484365923e+00
4.216041389692393615e+00 1.763548825248200558e+00
3.587816361642930385e+00 1.511984509271019350e+00
3.358454703378727313e+00 1.002302422979862051e+00
2.880958576233015211e+00 1.148551699169075402e+00
4.933983881226082779e+00 2.795203507974257651e+00
4.020768877417715714e+00 1.457269996930548928e+00
4.296192053880116823e+00 1.390598884786616418e+00
4.563659206240390454e+00 1.444295303537278530e+00
4.135001290014753472e+00 1.412260672386944194e+00
5.195278891488005257e+00 1.217885558818093683e+00
5.521044247067250943e+00 1.118435084003078339e+00
5.309263802233350482e+00 1.418414430840931884e+00
4.012918624754626684e+00 1.687977553185162849e+00
4.794549324735413620e+00 2.076062516068573949e+00
4.365547933092656763e+00 2.007855993304215048e+00
3.325692770825936062e+00 1.703603405218690803e+00
2.538101304380965928e+00 1.387128067235511741e+00
3.545064702233613474e+00 1.739558967549269974e+00
3.371209289896532013e+00 1.512437787640304787e+00
3.632111297259059679e+00 1.870673222449130924e+00
3.449881615426904968e+00 1.646302978557689922e+00
5.977608889606519149e+00 2.410980198803116092e+00
6.508170387270330259e+00 2.713623445889125740e+00
6.326712779673613340e+00 2.421230897582178354e+00
5.972962035363011957e+00 2.291570780568141341e+00
6.094104352058461238e+00 2.537753342270549162e+00
6.468560129751922183e+00 2.846714629768915650e+00
5.851299571438500102e+00 2.689734622841310152e+00
5.116616409873984139e+00 2.798726610673222925e+00
5.631866001444158165e+00 2.429370919164143938e+00
7.692816083095062929e+00 2.316461832082099548e+00
7.645439614549535357e+00 3.145230916806555310e+00
6.178704296764412796e+00 1.998341117536221345e+00
4.905441646391262900e+00 2.137689033368291636e+00
4.263270099651174760e+00 1.894337117017424799e+00
4.592595653508337428e+00 1.900582979953749252e+00
3.430198965222240215e+00 1.457305843059897077e+00
2.872675458016427097e+00 1.217380097943502992e+00
2.468999038257163825e+00 1.531850331326223502e+00
3.228216804243017268e+00 1.486853407922213322e+00
2.465508348627567958e+00 1.240206155783632802e+00
2.691098007578941687e+00 1.230520698667918023e+00
2.658247611525363485e+00 1.218814190517499396e+00
3.334608291517537904e+00 1.629148580951779834e+00
2.434783857045706323e+00 9.427429062889178812e-01
2.264732382480866946e+00 1.100905437169012790e+00
2.267653291641949842e+00 1.081319273839093986e+00
2.564433917200232838e+00 1.195754268028850209e+00
2.337267547576889815e+00 8.315838557950049337e-01
1.955113152364466700e+00 9.888063182233305382e-01
2.121434041684388649e+00 1.064025548371497321e+00
2.630462912005270493e+00 1.423084591588318792e+00
3.957537016674351538e+00 1.739778379074586656e+00
3.754388143575764669e+00 1.976272775303602014e+00
3.431636832989191088e+00 1.143140511658197855e+00
3.559024479487096215e+00 1.488377910954258754e+00
2.959809260971999922e+00 1.089774048621216407e+00
3.861548164989777376e+00 1.049736585691741553e+00
6.303228650315578996e+00 2.244648095749885108e+00
4.534293227215149713e+00 1.797786433768088443e+00
4.526620069605501229e+00 1.698166849911993959e+00
4.457940539509636757e+00 1.714521031570796161e+00
4.915835707976623503e+00 2.038734191408924534e+00
6.047206849178504484e+00 2.952813260203325019e+00
4.036776529814275705e+00 2.567932019108489339e+00
4.051383537197202678e+00 1.845108373373100186e+00
6.132652477023003534e+00 2.664531575454254675e+00
7.642355482833248281e+00 5.491924359177198234e+00
7.368234425613398919e+00 2.628836959314435617e+00
5.361403578333617581e+00 1.784812711243201733e+00
6.789876801730763134e+00 2.469003572563785553e+00
7.401338917110149573e+00 2.566625427182037011e+00
7.711528298621570521e+00 2.615910057804152533e+00
6.381495324024932358e+00 2.172158718772938535e+00
4.807333335702625554e+00 2.654400025257225071e+00
4.299551845980471576e+00 1.536836830807696952e+00
4.582372160212390355e+00 1.873352528000865158e+00
3.933513288307404654e+00 2.429563222105814546e+00
4.423036700509584307e+00 1.351495280400979437e+00
4.418542460676529338e+00 1.321060217646392809e+00
3.549904457114561040e+00 1.433100242231820198e+00
4.956156623613942713e+00 1.514359732243909962e+00
4.071654142615024341e+00 1.707233807796880942e+00
5.701696136948029014e+00 1.371424338892695438e+00
5.520637875984358622e+00 1.765987358160150400e+00
5.730581988189967113e+00 2.431935003316177735e+00
8.730623554550961174e+00 3.683961809869117143e+00
6.794036070007088313e+00 3.554321874543295845e+00
7.046329914064550337e+00 3.516589213305124861e+00
9.037289047253446839e+00 3.382467570212862373e+00
8.434314753667180753e+00 2.794277973353082256e+00
7.119552194982205151e+00 3.364770018651839667e+00
5.738101154134933601e+00 2.425192192972385641e+00
9.405853558354705157e+00 3.434926420233148647e+00
8.531193817273551971e+00 2.971186313635945098e+00
8.820760016458031316e+00 2.735968064359441509e+00
9.416435050305034693e+00 2.982540355171306778e+00
7.975051582797459737e+00 2.522071870696437568e+00
7.388510825828855211e+00 3.485019052218955249e+00
6.640391930761332162e+00 3.495977979741951458e+00
5.272858302746352699e+00 2.071193641488990433e+00
4.444204073338712924e+00 1.862535522290869050e+00
3.806784530820080281e+00 1.859708206659577145e+00
4.610467926876981259e+00 1.419951724350746680e+00
4.422489851077018308e+00 1.865395707247080370e+00
3.389679351124179618e+00 1.412766117568563518e+00
3.217950281504272425e+00 1.267190310431069999e+00
4.898779780816065355e+00 2.211442877062950618e+00
3.509510497195078571e+00 1.345483549657155775e+00
6.189980954339019625e+00 3.090653472448990691e+00
5.759031360388310539e+00 2.012625971730618524e+00
5.819038760914589936e+00 1.887933152669059478e+00
7.217201878528388015e+00 2.069752921611639263e+00
3.651445110887094003e+00 1.790706698554236587e+00
5.922351209822160456e+00 2.542947379798466745e+00
4.593666647222288013e+00 1.853590611226476170e+00
5.701685026006358292e+00 2.084092872049877254e+00
4.301700218438415213e+00 2.355338777865609856e+00
5.724781895229885897e+00 2.875455339152600764e+00
6.322698103430436589e+00 2.695337756152388131e+00
5.372371048945466576e+00 2.107813908593874519e+00
5.980705317883753480e+00 2.725001614751819012e+00
5.074859292943078692e+00 2.598577683315025588e+00
5.473811804147994842e+00 1.929482873243234975e+00
7.004091053863000127e+00 2.549799336262023264e+00
6.624779422100957937e+00 3.047071812209591446e+00
6.626530222715270035e+00 3.249321656077301501e+00
7.376015423403095461e+00 3.522097952558770118e+00
7.049779567047565365e+00 2.914246653480527360e+00
7.218127730891840343e+00 3.093189611595752009e+00
7.524460399367235652e+00 2.894914007089253616e+00
6.697891726794312994e+00 3.371387571817394235e+00
5.909123444756247068e+00 2.894582529984088826e+00
7.509528469876433299e+00 2.690524899207443088e+00
5.112094140229269890e+00 2.400375035647684729e+00
4.232354425632088635e+00 1.771102629431271058e+00
4.904290909155395006e+00 2.150042665715372614e+00
3.876000490553348055e+00 1.460699885244413965e+00
4.351788070405286035e+00 1.826220648808160929e+00
4.781551719098128927e+00 2.247535920826171818e+00
5.111597040904493738e+00 2.353725738756149877e+00
7.042579873939486923e+00 3.558011747114133705e+00
6.208495212829723719e+00 2.661194457188153173e+00
7.895371735458247997e+00 3.657068322662100801e+00
7.491209787437618672e+00 3.281565105028418028e+00
9.558235985667140611e+00 5.781942790084139361e+00
8.737019784699928238e+00 3.612515127902494072e+00
6.606883254416764828e+00 3.132766050725085183e+00
5.592271060444016229e+00 2.723500278515526674e+00
4.795199436000822324e+00 2.319733234854388648e+00
5.321870100679801929e+00 2.329325127038186949e+00
4.782592330865234054e+00 2.582558555703399872e+00
5.404920553506998182e+00 2.426532157599583517e+00
7.202127866058262384e+00 3.507981823883688399e+00
5.836126491991688425e+00 2.383453784697977529e+00
6.100409508798525060e+00 2.436336435782684440e+00
5.229645333192279644e+00 2.156249636855215090e+00
5.822635935173306798e+00 2.617508055518086518e+00
6.739286134085364033e+00 2.805770378008638932e+00
6.512176939523396157e+00 1.829628969724243603e+00
5.090088756880605914e+00 2.419017219677412900e+00
4.841373222206097005e+00 2.948449623339986836e+00
5.269598363739851798e+00 2.561018553651542629e+00
6.419717918361830478e+00 2.621091103044412840e+00
6.426653171959728184e+00 2.148870338101708022e+00
1.111725139944426211e+01 5.640676006009427645e+00
1.384279925016207891e+01 9.481835293646248886e+00
1.208326427209424558e+01 5.773916226056061696e+00
7.571916712292342311e+00 2.609979164161970289e+00
7.618094817941543972e+00 2.814860379357548847e+00
7.834994621655002156e+00 2.463478317588821298e+00
8.251879873117824005e+00 2.570253399114337256e+00
1.054449061898819018e+01 4.668359239857948317e+00
7.517884927122064020e+00 4.002624299829931509e+00
7.164587561520870729e+00 3.159109608142924852e+00
9.676938876819077606e+00 3.727610152809978317e+00
7.697363904145362312e+00 3.081487382444036083e+00
5.656145651098614557e+00 2.788753875417726125e+00
7.198272156394899923e+00 3.467374859956235511e+00
7.187273526247032862e+00 2.561990729448889947e+00
1.129075189881104357e+01 7.204766363500297643e+00
1.537653749693388683e+01 9.500961314465808272e+00
1.786827190437072943e+01 7.011587868558771142e+00
1.932362499581583393e+01 4.249679779214401876e+00
1.982977262493056614e+01 3.861759645266803709e+00
1.340835598328495415e+01 4.663533500332595061e+00
1.040153554372897027e+01 4.823872186260483197e+00
6.681139216400080016e+00 2.682643931886137700e+00
5.727499278800421756e+00 2.785928027575644172e+00
5.007621216327200919e+00 2.268921762210731163e+00
5.218663526171638090e+00 1.894887611531375526e+00
4.241350239650082621e+00 1.676722052436389054e+00
5.290885660520925349e+00 1.954955652952121481e+00
3.684685463421829343e+00 1.734117195048597848e+00
4.497849840761210416e+00 1.861744972438862167e+00
4.834190126045792013e+00 2.323616732426952325e+00
4.091736450323342211e+00 2.665909804934926797e+00
6.418009370947896031e+00 3.164311040969266742e+00
7.032995005407234324e+00 2.786337537330908720e+00
6.954730266955674090e+00 2.614670372642927898e+00
5.402631371915840752e+00 2.736467718518049708e+00
5.517038606172761206e+00 2.465693189774071037e+00
5.030654917877707355e+00 2.618981747563720930e+00
4.530947822101760281e+00 1.990676737363983984e+00
3.562928325595725365e+00 1.565498912294298606e+00
3.572784797137338320e+00 1.309767650859882782e+00
3.812024777349832139e+00 1.429764174789426523e+00
4.823379473770766701e+00 2.548871382656074047e+00
4.507300627055422559e+00 2.024009225279515878e+00
3.720887999376289113e+00 1.271031171748949529e+00
3.700195974581273806e+00 1.659004443562546838e+00
3.769556187348575893e+00 1.562157105508076516e+00
3.280009997835686253e+00 1.516932579291127681e+00
4.895495749042896527e+00 2.348481242623958298e+00
3.761015779388556357e+00 1.723139436598386531e+00
3.087035093485598569e+00 1.319867092600018887e+00
4.277902456658922326e+00 1.981879749807976765e+00
3.851824740239090161e+00 1.632293522448440948e+00
4.663257360460485224e+00 2.198432163267594941e+00
4.400452088245814686e+00 1.481249576498942178e+00
4.514565405308715640e+00 1.325001868030219354e+00
3.601958621964974849e+00 1.316509157372240724e+00
4.754892943057937416e+00 1.410302290015564841e+00
4.580760726278866102e+00 1.865203449191326301e+00
4.522833514362101681e+00 2.071280214444417567e+00
5.714840583404364516e+00 2.442722950434631279e+00
5.740162379198062048e+00 2.473851615486337696e+00
6.849212577243420697e+00 2.710640133169916144e+00
8.373491734284213450e+00 3.728096690571207628e+00
7.131578380696491415e+00 3.401097861069407813e+00
7.396002923140035712e+00 2.755296085905791337e+00
9.549885915319071827e+00 3.515234179180826590e+00
9.333723184761149483e+00 3.708395957872145487e+00
6.817305701422532671e+00 2.648989152945962378e+00
8.424242508531166962e+00 4.579404882599678039e+00
7.232487009399567235e+00 3.484505780958012888e+00
7.598282390690658694e+00 3.810294880773347437e+00
7.468158409800705222e+00 2.846032928213565683e+00
6.274002821522661755e+00 3.718954752744268788e+00
7.978243362185451382e+00 3.670448095943477984e+00
8.209347196308650396e+00 4.279358893117864326e+00
7.412769797635274216e+00 2.876786591828326412e+00
5.976560555367552041e+00 2.568431663910737406e+00
6.113497944526980810e+00 2.894101947033953515e+00
6.854583572357191734e+00 2.465204676754177981e+00
4.085895125621835433e+00 2.215348599624734849e+00
5.145389333783989549e+00 2.127278134965033374e+00
3.786256494393384742e+00 1.683249935226093230e+00
3.477264213806191773e+00 1.420608796059571910e+00
3.876712869029468322e+00 1.829948162846441129e+00
4.008811312653960179e+00 1.142012731608569531e+00
4.501708565504102033e+00 1.255844760304652974e+00
4.203819880891562555e+00 1.589376901858423619e+00
4.262768811121346424e+00 1.591992950112694594e+00
4.768111917710274206e+00 1.688813086413044173e+00
4.256436686265508307e+00 1.708472759887078363e+00
3.527663734750360547e+00 1.889379857939753382e+00
3.919894084044658555e+00 1.433683314531656761e+00
4.626964977199773621e+00 1.567480210058584067e+00
5.052535563811416885e+00 1.809128058483021384e+00
4.310280292475086483e+00 1.659799500044228271e+00
4.480131754882833661e+00 1.632603546002050710e+00
4.862001203373462310e+00 2.179314668217458895e+00
3.797487688106087944e+00 1.691806118778044210e+00
5.564684281068469573e+00 2.453433700558191433e+00
6.596106377656436592e+00 2.897882286276288077e+00
6.246064309519613111e+00 2.803238089490396323e+00
6.201794677005936229e+00 2.703324501338906671e+00
7.465373243047847218e+00 3.653967687881061632e+00
8.837246978322427893e+00 3.344628922581995845e+00
6.732808811605313082e+00 2.930834130997895137e+00
5.887382578073864003e+00 2.307692337599414500e+00
5.838555060248235229e+00 3.060464535678991904e+00
5.482255756107981881e+00 3.112694451035725507e+00
6.757013443505229588e+00 2.940958916888653185e+00
6.272227753275824824e+00 2.093133086632986473e+00
5.941946025215024463e+00 2.590205464580592309e+00
7.236683193182940066e+00 3.054450433288303124e+00
6.670800356015367250e+00 2.667100895159101093e+00
6.077671584341415745e+00 2.599496012999775729e+00
5.613146744706281055e+00 2.184436063218164303e+00
4.174078411337321270e+00 1.507972878220952717e+00
5.343846163607515187e+00 2.224861684456495681e+00
5.928834993814874998e+00 2.010988456384251943e+00
5.685793529316254258e+00 3.155248834127265312e+00
4.152485090316308636e+00 2.289401746046237918e+00
5.462851808066777615e+00 3.231433849594553376e+00
6.913869767655708820e+00 3.200743602936104715e+00
5.846594218317481939e+00 2.935690254978469582e+00
5.282609457944700715e+00 1.986931542728552769e+00
5.861078948054982085e+00 2.403674865221649082e+00
4.980795238735024277e+00 2.044116880511885004e+00
5.195641143715151067e+00 2.437046277298451358e+00
2.837753023596733204e+00 1.366331971063529327e+00
3.154170041035005312e+00 1.465458280668614277e+00
3.042156668775285677e+00 1.442026261507909801e+00
2.835207051487714125e+00 1.234697491801389324e+00
3.489373277636004911e+00 1.093100907751386464e+00
2.708613306882716287e+00 9.088695446206922490e-01
2.776177402374309988e+00 1.055046946675120001e+00
2.403217682595526927e+00 1.176736194452585371e+00
3.890485542779138939e+00 1.706478709433746355e+00
3.938968610372003187e+00 2.169292031468673887e+00
5.726512214219309449e+00 3.222861727727561298e+00
3.838052417398136296e+00 1.678220518843904330e+00
3.382739636161680163e+00 1.473536947307958478e+00
4.585821504602407117e+00 2.484267439994173099e+00
4.227479270274113077e+00 1.494836544026528102e+00
5.306276046922365985e+00 2.622369712976856615e+00
4.094291195680173523e+00 1.646064991050464110e+00
4.657463541139741814e+00 2.397770679739099631e+00
4.995553654011227529e+00 1.560663265367842500e+00
4.355803768479398208e+00 1.337342167394365289e+00
4.754262808243340466e+00 1.291491316684290513e+00
4.264749676709957527e+00 1.171306496807717368e+00
4.438870273160103075e+00 1.498176565944946637e+00
4.657968261475573968e+00 1.330025768384289986e+00
3.544731517346174865e+00 1.423414497697980785e+00
4.596367418964899088e+00 2.158484233464440294e+00
4.076241305860160757e+00 1.821590048488208380e+00
4.661241073797712353e+00 1.980522371666381343e+00
5.125636423231056504e+00 1.853985359835527369e+00
5.533695529772089117e+00 1.689192752085031390e+00
5.668904369376599028e+00 1.784314488960173639e+00
4.250085303177514540e+00 2.089919685273124550e+00
5.837703948399901144e+00 1.923958901529331467e+00
4.820476071549719244e+00 1.645599475360859598e+00
4.758340597299397956e+00 1.648923945826037407e+00
4.478504503531444136e+00 1.478184100882439234e+00
5.855777672250980004e+00 1.886158557123723378e+00
5.958756900711525084e+00 1.939602285943227811e+00
4.371687482503637590e+00 2.273996720903645574e+00
5.095465929650850434e+00 2.086014144527359448e+00
4.445982997222846400e+00 1.773443668555089170e+00
4.692335882676723635e+00 1.805928058831041572e+00
5.907636088624208526e+00 2.256520198910938468e+00
6.263226536605883688e+00 1.964449304379164873e+00
8.037153422085260956e+00 3.079818126560600611e+00
6.322648492281132349e+00 2.191203847353261569e+00
7.116593558049515877e+00 2.624772541121194624e+00
6.528968967261827849e+00 4.254879235330323084e+00
9.030879030431096410e+00 3.405073764813753900e+00
1.100857256265242690e+01 4.276308097664931474e+00
1.127921906277462405e+01 3.424495393356989048e+00
1.294261542684784416e+01 5.149815737855643505e+00
6.689630544162139536e+00 3.568646391637769977e+00
5.846874545908886667e+00 3.167868881626916711e+00
5.067308313424454980e+00 2.246669392190019821e+00
