3.702083333333333837e+00 1.781428571428571361e+00
3.560416666666666785e+00 1.141176470588234793e+00
3.750000000000000000e+00 1.342253521126760996e+00
4.581249999999999822e+00 1.987499999999998712e+00
3.497916666666666341e+00 2.079365079365079527e+00
2.833333333333333481e+00 1.195652173913044125e+00
3.714583333333333570e+00 1.436619718309859239e+00
3.568749999999999645e+00 1.818750000000000977e+00
2.533333333333333215e+00 1.399999999999999911e+00
3.264583333333332948e+00 1.579710144927536142e+00
2.806249999999999911e+00 1.782812499999999467e+00
3.412499999999999201e+00 1.245070422535211163e+00
3.447916666666666519e+00 1.641176470588235459e+00
3.456249999999999378e+00 1.560563380281690282e+00
4.272916666666666252e+00 1.307042253521127240e+00
5.266666666666666607e+00 1.453424657534246434e+00
4.989583333333333037e+00 1.979452054794521798e+00
5.481249999999999289e+00 1.879166666666666874e+00
5.043750000000000178e+00 2.027692307692308127e+00
5.016666666666666607e+00 1.284375000000000044e+00
5.347916666666667318e+00 2.182812500000000266e+00
4.937500000000000000e+00 2.039062500000000000e+00
6.612499999999999822e+00 3.722727272727273551e+00
5.483333333333331616e+00 2.357142857142858094e+00
8.672916666666667496e+00 4.153225806451612989e+00
8.666666666666666075e+00 3.607936507936508441e+00
9.554166666666667140e+00 3.188405797101450112e+00
9.810416666666666785e+00 3.795238095238095521e+00
8.333333333333333925e+00 1.752238805970149249e+00
8.320833333333332860e+00 3.371212121212121104e+00
8.702083333333334281e+00 2.917333333333334000e+00
1.127291666666666714e+01 4.761971830985913812e+00
9.250000000000000000e+00 3.053731343283581534e+00
1.072916666666666607e+01 3.922222222222222499e+00
1.339583333333333393e+01 6.384722222222222854e+00
1.376666666666666572e+01 3.786075949367090132e+00
1.333125000000000249e+01 3.717105263157894690e+00
1.280833333333333179e+01 4.887499999999999289e+00
1.122083333333333321e+01 4.532394366197182833e+00
1.149166666666666714e+01 3.793421052631581247e+00
1.279791666666666572e+01 4.681333333333333790e+00
1.496666666666666856e+01 7.102857142857143202e+00
9.299999999999998934e+00 4.337500000000000355e+00
9.647916666666667140e+00 4.549333333333337670e+00
8.539583333333332860e+00 2.248648648648648773e+00
7.787500000000000533e+00 2.611688311688312503e+00
4.889583333333333393e+00 2.203030303030303561e+00
3.647916666666667140e+00 1.684374999999999734e+00
3.910416666666666430e+00 2.527118644067797071e+00
3.045833333333332948e+00 1.277941176470588802e+00
3.947916666666666519e+00 1.354411764705882204e+00
5.643750000000000711e+00 1.729577464788731644e+00
5.218750000000000000e+00 2.435937500000000533e+00
7.189583333333334103e+00 3.105194805194805951e+00
6.393750000000000711e+00 3.273913043478260843e+00
6.683333333333333570e+00 3.514864864864864380e+00
7.750000000000000000e+00 3.161764705882353699e+00
8.537499999999999645e+00 4.197058823529411953e+00
8.579166666666665719e+00 4.251428571428570891e+00
6.185416666666665897e+00 3.470588235294117307e+00
3.883333333333332860e+00 1.864179104477611926e+00
3.566666666666666430e+00 1.472307692307692095e+00
5.418750000000000178e+00 2.336666666666666448e+00
6.552083333333333037e+00 2.380952380952381375e+00
8.083333333333333925e+00 4.870588235294116330e+00
1.022499999999999964e+01 5.651948051948051166e+00
1.150208333333333321e+01 4.460759493670884090e+00
1.046666666666666679e+01 3.945000000000004725e+00
1.195624999999999893e+01 4.278205128205129881e+00
9.831249999999998934e+00 3.906849315068495532e+00
9.404166666666666785e+00 3.011999999999999122e+00
8.072916666666666075e+00 1.980281690140844209e+00
7.320833333333332860e+00 1.696875000000000133e+00
9.329166666666667496e+00 3.797014925373134453e+00
6.308333333333333570e+00 2.232786885245901853e+00
4.825000000000000178e+00 1.501612903225806539e+00
4.424999999999999822e+00 1.423809523809523636e+00
4.618749999999999467e+00 1.832307692307692637e+00
5.095833333333333215e+00 1.464062500000000266e+00
4.737499999999999822e+00 1.485483870967740927e+00
4.302083333333333037e+00 1.882812500000000000e+00
4.110416666666666607e+00 1.356521739130434501e+00
5.266666666666666607e+00 1.934285714285714830e+00
4.141666666666666607e+00 1.612328767123288209e+00
3.687499999999998668e+00 9.619718309859152106e-01
3.547916666666667052e+00 1.205970149253731805e+00
4.495833333333332682e+00 2.395081967213114726e+00
4.174999999999999822e+00 1.091304347826087096e+00
3.995833333333333570e+00 1.179999999999999716e+00
3.439583333333332771e+00 1.040579710144927228e+00
3.745833333333333570e+00 1.876712328767123239e+00
5.083333333333333037e+00 1.576315789473683893e+00
5.137500000000000178e+00 1.620270270270271151e+00
4.864583333333333037e+00 1.730555555555556735e+00
4.039583333333332860e+00 1.688235294117647500e+00
4.364583333333333037e+00 1.764705882352940680e+00
4.489583333333333037e+00 1.616923076923077129e+00
3.541666666666666519e+00 1.801754385964911886e+00
2.702083333333332948e+00 1.517187499999999689e+00
3.581250000000000266e+00 1.998461538461538511e+00
3.070833333333332860e+00 1.337096774193547999e+00
3.308333333333333570e+00 1.903333333333332433e+00
2.916666666666666519e+00 1.618333333333333401e+00
5.970833333333334103e+00 2.405882352941176361e+00
6.362499999999999822e+00 2.564705882352940058e+00
7.147916666666666252e+00 2.079365079365079083e+00
7.777083333333333570e+00 2.907575757575758146e+00
8.608333333333334281e+00 3.670000000000002149e+00
8.314583333333333215e+00 3.345333333333333048e+00
7.727083333333332860e+00 2.826865671641791256e+00
8.799999999999998934e+00 3.487878787878787357e+00
9.327083333333332504e+00 3.482089552238805119e+00
1.011458333333333393e+01 3.227941176470587425e+00
8.245833333333335347e+00 3.550769230769230234e+00
6.510416666666666963e+00 2.606349206349205971e+00
6.502083333333334103e+00 2.659420289855072728e+00
6.616666666666667140e+00 2.660606060606061085e+00
5.754166666666667318e+00 2.484375000000000000e+00
4.356250000000000178e+00 2.015384615384616218e+00
3.937500000000000000e+00 1.767164179104478317e+00
3.254166666666666874e+00 1.453030303030302450e+00
3.899999999999999911e+00 1.793548387096774555e+00
3.018749999999999378e+00 1.304411764705882382e+00
3.345833333333333215e+00 1.669841269841269682e+00
3.179166666666667140e+00 1.482812500000000533e+00
3.531250000000000000e+00 1.267605633802816989e+00
3.085416666666666696e+00 1.052380952380952639e+00
2.772916666666666696e+00 9.253968253968255508e-01
2.414583333333333304e+00 7.800000000000004707e-01
3.302083333333333481e+00 1.361428571428571210e+00
3.141666666666667052e+00 1.573846153846154117e+00
2.525000000000000355e+00 1.321875000000000577e+00
2.652083333333333126e+00 1.203333333333333810e+00
3.085416666666667140e+00 1.438888888888889106e+00
4.052083333333333037e+00 1.737142857142857766e+00
4.702083333333333393e+00 2.469230769230768896e+00
4.597916666666666430e+00 1.289473684210526327e+00
3.022916666666667140e+00 1.037096774193547954e+00
3.477083333333333304e+00 1.328169014084507049e+00
4.587499999999999467e+00 1.555072463768116142e+00
7.627083333333334103e+00 3.677464788732393686e+00
5.452083333333334281e+00 2.507575757575757791e+00
5.693749999999998757e+00 2.508955223880596108e+00
4.727083333333333748e+00 2.771875000000000089e+00
5.439583333333334103e+00 2.507575757575756459e+00
8.056250000000000355e+00 3.769999999999999574e+00
5.489583333333333037e+00 2.796774193548386300e+00
6.922916666666666607e+00 2.789230769230770512e+00
8.631249999999999645e+00 4.578333333333333144e+00
9.922916666666665719e+00 5.378947368421056474e+00
9.847916666666666430e+00 3.063076923076923475e+00
7.818749999999998757e+00 2.969230769230768896e+00
8.860416666666665719e+00 3.170312500000001421e+00
1.064374999999999893e+01 3.693939393939393856e+00
9.656250000000000000e+00 4.893243243243241558e+00
6.299999999999999822e+00 1.963768115942028158e+00
6.508333333333332860e+00 2.590410958904109773e+00
7.641666666666665719e+00 2.956000000000000405e+00
6.914583333333332860e+00 3.052941176470589379e+00
6.002083333333334103e+00 2.847826086956521952e+00
6.941666666666667318e+00 1.708695652173913171e+00
6.977083333333332860e+00 1.393243243243242890e+00
6.029166666666667673e+00 1.679452054794521532e+00
7.166666666666666963e+00 1.959210526315789069e+00
5.785416666666666430e+00 1.616176470588235325e+00
6.131250000000000533e+00 1.636619718309859639e+00
6.081250000000000711e+00 1.853731343283582689e+00
7.402083333333333570e+00 2.878082191780821475e+00
9.349999999999999645e+00 3.612121212121211844e+00
8.304166666666667140e+00 3.946031746031745335e+00
8.481250000000001066e+00 3.879411764705881893e+00
9.745833333333335347e+00 3.874626865671642051e+00
8.352083333333332860e+00 3.270312499999999734e+00
7.979166666666666963e+00 3.743859649122807109e+00
6.720833333333334103e+00 2.738461538461538503e+00
9.929166666666667140e+00 3.378260869565216318e+00
8.658333333333336768e+00 3.842424242424241854e+00
8.043750000000001066e+00 3.018571428571428239e+00
9.074999999999999289e+00 3.343283582089552119e+00
8.691666666666666430e+00 2.293421052631578139e+00
8.295833333333332504e+00 3.838235294117647189e+00
8.660416666666668206e+00 4.430769230769230127e+00
9.141666666666667496e+00 3.372972972972974492e+00
8.779166666666666785e+00 3.726760563380280278e+00
7.456249999999999822e+00 3.308695652173912372e+00
9.337499999999998579e+00 3.217808219178081686e+00
7.831249999999999822e+00 2.677027027027026662e+00
5.231250000000000178e+00 1.305633802816901001e+00
4.406250000000000000e+00 1.286301369863013688e+00
5.583333333333333037e+00 2.137681159420290466e+00
5.789583333333332860e+00 2.028125000000000178e+00
7.852083333333332860e+00 3.808196721311474686e+00
8.474999999999999645e+00 2.881944444444444642e+00
6.745833333333332682e+00 2.486956521739130732e+00
6.881249999999998757e+00 2.389473684210527082e+00
4.439583333333334103e+00 2.120338983050847670e+00
5.827083333333333393e+00 2.438028169014084146e+00
5.704166666666666607e+00 1.984615384615385114e+00
5.735416666666665719e+00 2.057352941176470384e+00
8.389583333333334281e+00 3.667605633802815568e+00
9.745833333333331794e+00 3.670129870129868799e+00
8.239583333333333925e+00 4.552307692307691944e+00
6.224999999999998757e+00 2.426562500000000622e+00
7.281250000000000000e+00 2.966666666666665453e+00
6.883333333333332860e+00 3.131343283582089132e+00
7.462500000000001243e+00 2.599999999999999201e+00
9.645833333333333925e+00 3.766153846153846185e+00
7.768749999999999822e+00 3.381034482758621174e+00
8.679166666666667140e+00 3.602941176470587425e+00
8.739583333333333925e+00 3.519696969696969546e+00
7.645833333333333037e+00 2.766153846153845297e+00
9.260416666666666075e+00 4.122058823529410887e+00
8.666666666666664298e+00 3.516666666666665719e+00
7.962499999999999467e+00 3.536111111111110983e+00
7.525000000000001243e+00 3.040000000000001368e+00
9.779166666666666785e+00 2.732352941176470207e+00
6.443749999999998757e+00 2.393650793650794473e+00
7.033333333333332327e+00 2.247826086956521419e+00
6.360416666666666607e+00 2.572463768115941907e+00
5.091666666666666785e+00 1.571232876712328919e+00
5.643749999999999822e+00 2.006666666666666821e+00
6.535416666666666430e+00 2.723188405797100753e+00
6.306250000000001243e+00 2.367164179104477295e+00
9.487500000000000711e+00 3.552499999999999769e+00
7.062500000000000000e+00 2.629113924050633155e+00
8.333333333333333925e+00 2.977631578947368851e+00
7.766666666666666607e+00 4.001388888888889106e+00
1.175000000000000000e+01 6.215384615384617284e+00
1.058333333333333393e+01 4.000000000000001776e+00
8.547916666666665719e+00 2.643835616438355185e+00
6.439583333333334103e+00 3.030434782608695254e+00
5.500000000000000000e+00 2.907936507936507819e+00
5.660416666666666430e+00 2.399999999999999023e+00
4.445833333333333748e+00 2.473015873015872224e+00
5.791666666666666963e+00 3.077142857142856958e+00
7.893749999999999822e+00 4.274999999999998579e+00
6.104166666666666963e+00 2.756060606060605878e+00
6.193749999999998757e+00 2.737499999999999378e+00
4.804166666666667140e+00 2.234426229508196915e+00
5.520833333333332149e+00 2.648529411764705355e+00
6.366666666666667140e+00 3.624615384615384350e+00
7.327083333333334281e+00 2.167605633802816900e+00
5.645833333333333037e+00 2.141791044776118813e+00
4.564583333333334103e+00 2.031250000000000888e+00
4.477083333333333748e+00 1.724242424242425242e+00
3.685416666666666341e+00 1.498550724637680798e+00
4.718750000000000888e+00 1.528571428571429136e+00
7.812500000000000000e+00 4.044615384615384279e+00
1.207083333333333286e+01 7.780303030303030276e+00
1.021666666666666679e+01 4.729729729729729826e+00
6.531250000000000000e+00 1.997101449275362040e+00
6.202083333333333393e+00 2.453623188405797073e+00
7.822916666666666963e+00 2.286956521739129222e+00
9.322916666666666075e+00 3.230555555555555181e+00
1.134375000000000000e+01 4.960563380281689305e+00
7.847916666666665542e+00 3.849999999999998312e+00
7.902083333333333570e+00 3.285074626865670311e+00
1.059375000000000000e+01 3.827692307692308393e+00
9.116666666666667140e+00 3.952173913043479647e+00
1.370208333333333428e+01 3.864705882352940325e+00
8.250000000000000000e+00 4.067187500000001066e+00
8.114583333333333925e+00 4.021875000000000533e+00
1.435833333333333428e+01 9.239682539682542384e+00
1.898333333333333073e+01 1.116515151515151594e+01
1.912916666666666643e+01 7.447761194029850706e+00
2.150416666666666643e+01 5.464000000000000412e+00
2.230416666666667069e+01 5.079729729729731247e+00
1.566249999999999964e+01 4.669117647058824261e+00
1.265000000000000036e+01 4.483076923076924736e+00
8.295833333333332504e+00 4.422807017543859409e+00
8.235416666666667496e+00 3.904838709677418862e+00
1.037499999999999822e+01 4.483076923076922959e+00
9.189583333333331439e+00 3.901612903225806672e+00
7.254166666666667318e+00 3.069444444444445086e+00
8.600000000000001421e+00 4.037142857142856478e+00
7.960416666666667140e+00 3.465217391304348027e+00
8.985416666666667496e+00 4.139130434782607892e+00
1.033541666666666714e+01 3.763888888888887507e+00
1.047083333333333321e+01 4.498484848484846310e+00
1.105833333333333179e+01 5.479365079365078550e+00
1.124166666666666714e+01 4.251515151515151913e+00
1.271666666666666679e+01 5.072307692307692406e+00
1.097916666666666607e+01 4.128358208955221542e+00
8.575000000000001066e+00 3.774999999999999467e+00
7.312500000000000000e+00 3.174603174603175759e+00
6.162499999999998757e+00 2.721666666666665790e+00
5.460416666666667140e+00 2.634426229508197714e+00
7.564583333333332327e+00 3.116129032258064147e+00
6.370833333333334458e+00 2.653968253968253865e+00
4.762499999999998401e+00 1.996923076923075246e+00
4.835416666666667140e+00 2.349180327868853446e+00
3.768749999999999378e+00 1.378787878787878451e+00
4.577083333333333393e+00 2.213888888888888573e+00
5.591666666666667673e+00 1.704054054054054079e+00
4.116666666666667140e+00 1.228787878787879206e+00
5.243750000000001243e+00 2.146575342465752545e+00
4.589583333333333570e+00 1.571999999999999620e+00
4.516666666666666607e+00 1.764705882352941346e+00
6.414583333333333748e+00 2.414864864864864735e+00
5.791666666666665186e+00 2.352173913043478226e+00
6.693750000000000533e+00 3.519117647058823906e+00
6.039583333333332860e+00 2.551999999999999602e+00
7.164583333333332860e+00 2.051282051282050656e+00
4.831249999999999822e+00 2.098550724637680442e+00
6.575000000000000178e+00 2.128767123287671481e+00
5.108333333333334281e+00 1.661038961038961315e+00
5.924999999999999822e+00 1.672000000000000153e+00
6.831249999999999822e+00 2.970149253731344530e+00
6.385416666666666963e+00 2.698684210526315130e+00
7.566666666666667318e+00 2.338805970149254065e+00
9.650000000000000355e+00 4.310606060606060552e+00
8.341666666666666785e+00 4.452777777777776613e+00
7.068749999999998757e+00 2.377464788732395196e+00
1.202083333333333393e+01 5.004687499999999289e+00
1.045208333333333428e+01 3.282352941176472250e+00
8.112499999999998934e+00 3.971212121212122526e+00
1.042708333333333393e+01 4.632307692307693792e+00
8.889583333333334281e+00 3.993846153846153157e+00
9.779166666666666785e+00 4.005882352941177338e+00
9.306249999999998579e+00 3.973846153846153140e+00
7.060416666666667673e+00 3.218333333333333712e+00
8.400000000000000355e+00 3.884126984126984983e+00
8.800000000000000711e+00 3.176811594202898714e+00
7.304166666666667140e+00 3.219047619047618713e+00
8.754166666666668206e+00 3.482539682539681269e+00
9.181250000000000355e+00 2.571428571428572507e+00
7.145833333333333037e+00 2.366666666666667140e+00
7.393749999999999822e+00 2.768852459016392764e+00
6.406250000000000000e+00 1.974603174603174471e+00
5.997916666666667673e+00 2.193548387096774022e+00
8.622916666666666785e+00 3.683606557377049562e+00
6.091666666666667673e+00 2.332307692307692637e+00
3.735416666666666163e+00 1.465151515151514872e+00
3.562500000000000444e+00 1.240322580645161876e+00
4.047916666666666607e+00 1.797101449275362750e+00
4.718750000000000000e+00 2.188571428571428612e+00
5.422916666666665719e+00 1.965714285714285303e+00
4.862499999999999822e+00 1.903125000000000622e+00
5.583333333333333037e+00 2.321428571428571619e+00
5.135416666666666963e+00 1.434782608695651662e+00
6.052083333333333037e+00 2.451515151515152535e+00
5.887500000000000178e+00 2.274242424242423510e+00
4.000000000000000000e+00 1.523437499999999334e+00
4.541666666666666963e+00 1.995714285714286440e+00
4.341666666666665897e+00 2.031147540983606614e+00
4.331249999999999822e+00 1.562499999999999556e+00
6.268750000000000711e+00 2.310937499999999645e+00
7.131250000000000533e+00 2.556944444444445352e+00
6.212499999999999467e+00 2.636619718309859195e+00
6.516666666666668384e+00 2.498630136986300876e+00
7.133333333333332860e+00 2.854285714285713649e+00
7.616666666666666252e+00 2.811764705882352278e+00
5.395833333333334814e+00 2.179710144927537563e+00
4.791666666666666963e+00 1.915384615384616129e+00
5.933333333333332682e+00 3.974576271186440746e+00
6.595833333333334103e+00 2.313043478260870867e+00
5.808333333333333570e+00 1.706451612903224779e+00
4.904166666666667673e+00 1.688059701492538034e+00
5.783333333333334103e+00 2.599999999999998312e+00
6.410416666666665542e+00 2.775409836065573455e+00
6.010416666666667851e+00 2.622727272727273018e+00
6.091666666666665897e+00 2.692307692307692069e+00
6.104166666666666963e+00 1.891176470588235681e+00
5.475000000000000533e+00 1.795312500000000089e+00
5.904166666666667673e+00 2.616417910447762729e+00
5.949999999999999289e+00 2.119718309859154992e+00
5.368749999999999467e+00 3.501754385964911620e+00
3.677083333333333481e+00 2.484482758620690124e+00
5.216666666666666785e+00 2.434666666666666757e+00
6.620833333333332682e+00 3.237878787878787801e+00
6.443749999999998757e+00 2.782608695652174724e+00
6.227083333333332860e+00 2.300000000000000266e+00
8.168750000000001066e+00 2.713580246913579241e+00
8.404166666666666785e+00 4.375714285714284557e+00
8.620833333333335347e+00 3.771621621621620957e+00
6.556249999999999467e+00 2.624242424242423155e+00
5.866666666666667140e+00 2.149295774647888013e+00
7.127083333333334103e+00 2.784210526315789913e+00
6.593750000000000000e+00 1.465753424657534776e+00
7.052083333333333037e+00 1.822222222222222410e+00
4.368749999999999467e+00 1.591666666666667229e+00
4.637499999999999289e+00 2.126153846153846505e+00
4.014583333333333393e+00 2.132786885245900876e+00
4.039583333333333748e+00 2.232786885245901409e+00
4.127083333333334103e+00 2.686206896551724288e+00
6.606250000000000178e+00 4.214285714285714413e+00
5.445833333333333748e+00 1.835211267605633578e+00
5.129166666666666430e+00 2.349253731343283746e+00
5.518749999999999822e+00 2.411842105263158231e+00
5.258333333333333748e+00 2.122857142857143220e+00
7.227083333333332860e+00 4.328333333333332256e+00
5.816666666666666430e+00 2.189855072463766650e+00
7.120833333333333570e+00 3.916129032258065745e+00
7.812500000000000000e+00 2.356756756756756666e+00
5.631250000000001421e+00 1.673437499999999911e+00
5.483333333333334281e+00 1.415151515151514383e+00
5.649999999999999467e+00 1.241428571428571326e+00
4.443749999999999645e+00 1.451470588235293846e+00
5.685416666666667673e+00 1.625000000000000222e+00
4.770833333333333037e+00 1.479999999999999538e+00
5.095833333333332327e+00 2.436764705882352278e+00
4.293750000000000178e+00 2.287301587301587613e+00
5.033333333333334103e+00 2.097183098591549388e+00
4.850000000000000533e+00 1.685135135135134909e+00
5.737499999999999822e+00 1.850666666666666904e+00
6.227083333333332860e+00 2.382608695652173925e+00
4.135416666666666963e+00 2.548437499999999911e+00
6.139583333333333393e+00 1.766666666666666607e+00
5.422916666666666607e+00 1.731081081081081052e+00
4.260416666666666963e+00 1.912000000000000144e+00
4.258333333333333748e+00 1.941666666666667318e+00
6.018749999999999822e+00 2.271621621621620957e+00
5.987499999999999822e+00 2.597222222222222321e+00
4.577083333333333393e+00 2.461538461538461231e+00
6.039583333333332860e+00 2.982812500000000533e+00
6.241666666666667140e+00 2.398484848484848886e+00
6.389583333333334281e+00 2.386153846153846292e+00
7.725000000000000533e+00 3.135820895522388962e+00
8.625000000000000000e+00 2.163380281690140183e+00
1.263125000000000142e+01 5.282089552238807606e+00
8.739583333333333925e+00 2.851428571428570979e+00
1.022708333333333286e+01 3.263888888888888840e+00
7.674999999999999822e+00 4.353968253968254487e+00
1.002916666666666679e+01 3.184523809523811089e+00
1.078125000000000000e+01 4.982089552238805119e+00
1.115833333333333321e+01 4.328358208955225273e+00
1.157499999999999751e+01 4.876056338028170067e+00
6.170833333333334281e+00 3.372307692307693561e+00
6.668749999999999289e+00 2.732835820895521017e+00
5.689583333333334103e+00 2.298484848484848797e+00
