4.417728366570023546e+00 1.762474976021115358e+00
3.956267465501236202e+00 1.615654799603947644e+00
4.221724446214417448e+00 2.007072092562379506e+00
3.611318086811210026e+00 1.351502601316297181e+00
2.898998092248313174e+00 1.652610777959744759e+00
2.302188707521181765e+00 1.026376952624883820e+00
3.277616723330442738e+00 1.901027021978577647e+00
2.751383851397742664e+00 1.512403017143137740e+00
2.740069428649324124e+00 1.731075738805047282e+00
3.642494344642932536e+00 1.863320101070077728e+00
2.799073863901400561e+00 1.350695781577995858e+00
2.437686452937476211e+00 1.291176099077611550e+00
3.005355771277043342e+00 1.961171130064364387e+00
3.432598374933243601e+00 1.764158165290277802e+00
3.720993129456541038e+00 1.312046375210947913e+00
5.145223743231486679e+00 2.134531755295217881e+00
4.842656330010655097e+00 1.924530516610651887e+00
5.179718631696488274e+00 2.028026975126866915e+00
5.085683186214066787e+00 1.880369374336969601e+00
4.914664572847270207e+00 1.448655060347078916e+00
5.257360159517504350e+00 2.441450792582366081e+00
5.716580017604655062e+00 2.250754596789442452e+00
7.360984761526105480e+00 3.232816607106995033e+00
6.329579254080381467e+00 2.011683252735121830e+00
6.599423423490051732e+00 3.071666862518247498e+00
7.385783324762829061e+00 2.823018700678627813e+00
7.454784268275027159e+00 3.188463942814538488e+00
7.794145793409794187e+00 3.863248458449465961e+00
8.917527851394480010e+00 2.334492904294320770e+00
1.176770613262900156e+01 5.567853144114552677e+00
9.258459112639673805e+00 2.761909687021806281e+00
1.103606127073514642e+01 4.555316700651370176e+00
7.817405626688255893e+00 2.243323849611483567e+00
9.525598369384432829e+00 3.383510315621203191e+00
7.087672861777192246e+00 3.088881408464484224e+00
6.329907915665510920e+00 2.448231914161258072e+00
6.237552865494381926e+00 2.062588440751462748e+00
6.850433415402901183e+00 2.108980439128770534e+00
5.648809051789801750e+00 3.031450796410855908e+00
6.435044581579546730e+00 2.442240353157599131e+00
7.282116502850610296e+00 2.400201694762742033e+00
1.028442569446164079e+01 4.881228935999822660e+00
5.935948194160758362e+00 2.959054681757174343e+00
7.602469818817243485e+00 3.446885484423301893e+00
7.080985167933524060e+00 2.516696671863519530e+00
7.140662807998786832e+00 2.605820070609941919e+00
5.590880801269070055e+00 2.329540129840310225e+00
4.619358914446667796e+00 1.878939911530894902e+00
3.755570691575526698e+00 1.859649013997919376e+00
3.675091220363684297e+00 1.700222099860352554e+00
3.978296569530867632e+00 1.564337294000681888e+00
5.282267294830334414e+00 2.076697377789952892e+00
4.565278735233366803e+00 2.047072861325005544e+00
6.451744102333701214e+00 2.868042506908897948e+00
6.279215122771873325e+00 2.574663149289825093e+00
4.774901866695688391e+00 2.492553881706614405e+00
4.714187747818157526e+00 2.280545572775105168e+00
6.448845998053744033e+00 3.214667632267276254e+00
7.105402638613959709e+00 3.663855082535392160e+00
6.187856893845587791e+00 3.190398970859375627e+00
5.615678793268513935e+00 2.923143014225181968e+00
6.022925929209383078e+00 2.438754395233392103e+00
6.761396032113908383e+00 2.669891568012676686e+00
6.796538557753552645e+00 2.146847550367347424e+00
5.453791968131130652e+00 3.249553934224317597e+00
7.315261557752940291e+00 3.710690728942834138e+00
8.242682376677793243e+00 3.051151666928652251e+00
7.023760904629355650e+00 2.760058002491827533e+00
7.883069132840421211e+00 2.801474201968646938e+00
6.767571055620469345e+00 2.472547336414107289e+00
6.124465604621033954e+00 2.602273622789547769e+00
6.650292286488164173e+00 3.012406141988153152e+00
7.328557659915108324e+00 2.397402417681035125e+00
7.964722100959842344e+00 3.388060106690093054e+00
4.628807454291253620e+00 1.358149498411151068e+00
4.803101430325479093e+00 1.280341905305941275e+00
4.584970735145874166e+00 1.371648518224263924e+00
5.089549475009793156e+00 2.467210996427254610e+00
3.987142253132356817e+00 1.446440113792738291e+00
3.446503688039578517e+00 1.680437965033477754e+00
2.913680340550206083e+00 1.220259648669540065e+00
3.475895859521099140e+00 1.491966091847170883e+00
4.120162474662094176e+00 1.772603230670148466e+00
3.416211896630528155e+00 1.403688205657092070e+00
3.236446071757463017e+00 1.004249271345469818e+00
3.072894665974275075e+00 1.298098500845290548e+00
5.113504691178875738e+00 2.966773026550221459e+00
3.936159352379781762e+00 1.389832986628866118e+00
4.251812982850914580e+00 1.362773440009140247e+00
4.631072631703344378e+00 1.544695163206656785e+00
4.205323679098989409e+00 1.275571273901244584e+00
5.273803427282519607e+00 1.156646942493303243e+00
5.579804843998560138e+00 1.173991027128080233e+00
5.430462590046324145e+00 1.511301234960515272e+00
4.173413059019320137e+00 1.700594552593657660e+00
4.987263658707663083e+00 2.261032708249317569e+00
4.586251902247246548e+00 1.987910235441385565e+00
3.584502921763361716e+00 1.846906808597306160e+00
2.832153154722808708e+00 1.510700628654491062e+00
3.717519510103995284e+00 1.821771813028266740e+00
3.425789654885326829e+00 1.569062933782626956e+00
3.712811786854162133e+00 1.995237834979264102e+00
3.556828300130013165e+00 1.671543188789552881e+00
6.198291669491375444e+00 2.546822526019098643e+00
6.681429582491268171e+00 2.789279140900835507e+00
6.448573005277122405e+00 2.368820982507654271e+00
6.038038159060725718e+00 2.285369160203128747e+00
6.153499812270290192e+00 2.532163087006612745e+00
6.517305316976091945e+00 3.038869134666293270e+00
5.817014065161686176e+00 2.658336044146569321e+00
5.121243936135008390e+00 2.695862518872766067e+00
5.528541649180464645e+00 2.458067287767451425e+00
7.551214953586367074e+00 2.405713262091557336e+00
7.733892319419889638e+00 3.108998369709819798e+00
6.186755899204186449e+00 2.154014909602558259e+00
4.884669918603872674e+00 2.119738402614262274e+00
4.195979363091026926e+00 1.860206995725369961e+00
4.497384067850349609e+00 1.874796058840698887e+00
3.380494559758832285e+00 1.421520979635029658e+00
2.791475279492719341e+00 1.274907908037294035e+00
2.529330215888180966e+00 1.470480404908878658e+00
3.462725911148012869e+00 1.626254278815152388e+00
2.552790164630051262e+00 1.194644826854419195e+00
2.683977147664023732e+00 1.315311536998379660e+00
2.757044546763102844e+00 1.284242764874402587e+00
3.660227094356515831e+00 1.797138297947786567e+00
2.578265310380703834e+00 9.632322603154597207e-01
2.394276235059700664e+00 1.002118092137305405e+00
2.318560246247602930e+00 1.020197407396595146e+00
2.831973743246166020e+00 1.313167158225645892e+00
2.700804528079752576e+00 8.039292501378445532e-01
2.440671554068357452e+00 8.039453774142634179e-01
2.424840978501469291e+00 1.175980641084890754e+00
2.947298732088597717e+00 1.502859676545918122e+00
4.366985770438661874e+00 1.795603369607041033e+00
4.213946022958592330e+00 2.086327999087288720e+00
3.876872503176144846e+00 1.225497211004488829e+00
3.656490010922851308e+00 1.686217803412054739e+00
3.234252002586785135e+00 1.156809537240889085e+00
4.117950337954164652e+00 1.218073510784730251e+00
6.706424008688486538e+00 2.475681645769873818e+00
4.854617028418854119e+00 1.904900588440189502e+00
4.902188153576843455e+00 1.680172118151959992e+00
4.447068645447251889e+00 1.703174038710551841e+00
4.974085860354815480e+00 2.113216488815111038e+00
6.588595449640134660e+00 3.164305525223686466e+00
4.347097769197236339e+00 2.891654807007542960e+00
4.378811435760358250e+00 1.856172014000718296e+00
6.440338793945277196e+00 2.777752205595093393e+00
8.106988493662948159e+00 5.961188013302573196e+00
7.658577180189500844e+00 2.830139034244235408e+00
5.585453355697346467e+00 1.804620954631171337e+00
7.182378968612366243e+00 2.348052524768644123e+00
7.714419257282270515e+00 2.823222864998562898e+00
7.757721280738000935e+00 2.578182330014376689e+00
6.225619019359278639e+00 2.180484980463359701e+00
4.913651201807049063e+00 2.679751260504653398e+00
4.408854830631455890e+00 1.640236146742957146e+00
4.672855160124691487e+00 1.966009265538706474e+00
4.074886542575912429e+00 2.618548947679163685e+00
4.646278086589492595e+00 1.436232369802733944e+00
4.744664117080213295e+00 1.515928664489011313e+00
3.841686101168036327e+00 1.586364968780772600e+00
5.490469020990417448e+00 1.913719981847614271e+00
4.559060754713994079e+00 1.977559917341719542e+00
6.203331919645815873e+00 1.561641116959434639e+00
6.215590844335442178e+00 1.813817185864045500e+00
6.946758112013320385e+00 2.858284018299672269e+00
9.084578285077144599e+00 3.592816282516372972e+00
6.204669295850955280e+00 2.660664920998203176e+00
6.163467980876593089e+00 3.151299632738922885e+00
7.817930060149485882e+00 2.651549771870841177e+00
7.552093198354605796e+00 2.663199325643084148e+00
7.699188894500903935e+00 2.261068724694883958e+00
5.116262960801464033e+00 1.887486123918914016e+00
6.977902572749887788e+00 2.965726989841898309e+00
9.508891853336972844e+00 3.405676700545464897e+00
1.004576410170542289e+01 2.915124337431162616e+00
1.121070852501008197e+01 3.190919838249461460e+00
9.499137641633696560e+00 3.518736858351148911e+00
8.839331894806614187e+00 4.549767650239057382e+00
7.967266491404143558e+00 4.183791109666858077e+00
6.510129738770577212e+00 2.727881219597009466e+00
5.858642656348429512e+00 2.509144124161852840e+00
5.341038637062589522e+00 2.612144648528360591e+00
6.630910762951100601e+00 2.305870347093953221e+00
6.259912153273958779e+00 2.264404124895994297e+00
4.442693147102398044e+00 1.604773136859497518e+00
3.270013106429452421e+00 1.384729723369864107e+00
5.539267267519445426e+00 2.509824764670768982e+00
4.714913595923005296e+00 2.037531786103639497e+00
6.241091927738295020e+00 3.172593405104033870e+00
4.915182010729453488e+00 2.162372538149161638e+00
4.868396540454335231e+00 1.904115994399755207e+00
7.934085309832258126e+00 1.952566336145094228e+00
4.620695127032160343e+00 1.752956373092437570e+00
5.913124436946728402e+00 2.543969341306582699e+00
3.818131827300334180e+00 1.692713930431872571e+00
4.978679609975466214e+00 2.054291709014953060e+00
4.283712976444651765e+00 2.664890638300100978e+00
5.857282485467760758e+00 2.789653482437073784e+00
7.041381933574693441e+00 2.800015472966244978e+00
6.389226805788022823e+00 2.547889346140816080e+00
7.069109970240468499e+00 2.947150960601005565e+00
5.958653427827183435e+00 3.003813734133922608e+00
6.620031589686583118e+00 2.215823158307059337e+00
8.226239419527756169e+00 3.094008730515879879e+00
7.052024067008189512e+00 2.854405719773597916e+00
6.814080930858376739e+00 2.713963400696912665e+00
7.242697549674588231e+00 3.370376947164605230e+00
7.981163792298588078e+00 2.704322405909024507e+00
5.897824322817516673e+00 2.729010719037189947e+00
7.245589297456461964e+00 3.012691016887952600e+00
6.164420604829179418e+00 2.981127160100791151e+00
5.414011411984525068e+00 2.409098623880261858e+00
6.682224980395367275e+00 2.400124399988813995e+00
4.598737866375636862e+00 2.087719905589423330e+00
3.915423922652239153e+00 1.576438143558233529e+00
4.792880119151604390e+00 2.006833032378051662e+00
3.612725613742639563e+00 1.371961459262301064e+00
4.099285796584476671e+00 1.880059300779790998e+00
4.509698051699591481e+00 2.125086948949906240e+00
4.692469311915906438e+00 2.206915365688396857e+00
7.161567298771079670e+00 3.701170451707255005e+00
6.160157234261480319e+00 2.872343843732539259e+00
7.877204977794284524e+00 3.729647075400823297e+00
7.031129505001397995e+00 3.029907877980325015e+00
9.567227203354065068e+00 5.421343838594171238e+00
9.031401045608269840e+00 3.612482194386395395e+00
6.400475368066028459e+00 3.178785357250296872e+00
5.071084793027098137e+00 2.458670887733273691e+00
4.970922087073658346e+00 2.156387886802761500e+00
5.438622625580225467e+00 2.135443705774604073e+00
4.251685442524512304e+00 2.429194164035490822e+00
5.530460778519590725e+00 2.385506248506588989e+00
7.645077342453649116e+00 3.407803123461915717e+00
5.757393880290646138e+00 2.566745619741919171e+00
5.617495282727889894e+00 2.255574821285550424e+00
4.674984727684095454e+00 1.989149049488559307e+00
5.424723138375568077e+00 2.518119343820394818e+00
6.371229981544324517e+00 2.609199543223304829e+00
6.089181332943432778e+00 1.780913648574456554e+00
4.790085708545812615e+00 2.233466181327078637e+00
3.820298376409999364e+00 2.688630357815126715e+00
4.304803489177214004e+00 2.210252999833234977e+00
4.945048240758301183e+00 2.065348386587209095e+00
5.210441878261978133e+00 1.723824726489353587e+00
9.743321682059502109e+00 5.183967398998078124e+00
1.331098424663871604e+01 7.460906488326464192e+00
1.133446069099731801e+01 5.196528886387384638e+00
6.798095120526127744e+00 2.612740893199887449e+00
7.195345585872016336e+00 2.959554756207274817e+00
7.836388044385095064e+00 2.653711027404552336e+00
8.378357331639383787e+00 2.648175184285110451e+00
1.061737824107425254e+01 4.383734496427811322e+00
7.259814088986345837e+00 3.539400110076780681e+00
7.533374273718422387e+00 3.068912184264267928e+00
1.078211068722293753e+01 3.599605916408588069e+00
8.828086855897721463e+00 3.254040297982771612e+00
5.918513920384257609e+00 2.774160979707204433e+00
6.188772460006575216e+00 3.556021694398017186e+00
8.739415934438278910e+00 2.780222911921669038e+00
1.212593475629002704e+01 7.497013800323617083e+00
1.651791534835318487e+01 8.974383846650974661e+00
1.888958909625316451e+01 7.306878194437773644e+00
2.022702862338395491e+01 3.813341719670304109e+00
2.039610871971184380e+01 4.159053683573465499e+00
1.303154196437939483e+01 4.667957457316953551e+00
1.052733549823618553e+01 4.988935988235242647e+00
7.177310504582870898e+00 3.068026531686323111e+00
7.236032108700091392e+00 3.414128089155097356e+00
7.494157946678676296e+00 3.141955367509240649e+00
7.272278380011777621e+00 3.119065558058773391e+00
6.330223712201068054e+00 2.239988961339801410e+00
7.654459514631596129e+00 2.870164139739719289e+00
5.497233020306265594e+00 2.374609104577793062e+00
5.987244095569917768e+00 2.847560242104640427e+00
6.508593822927295491e+00 2.542379462361003206e+00
5.396380689806856701e+00 2.932330822192268371e+00
7.535290208906869402e+00 3.549183700773296035e+00
7.970094513979444351e+00 2.915761652606787546e+00
7.572891352747696203e+00 2.553207699264536945e+00
6.042631200736185981e+00 2.899100707650628550e+00
6.699278974229649464e+00 2.777444920783867843e+00
5.902745963843233135e+00 2.533220060531441664e+00
5.026298087142545334e+00 2.447735671482377029e+00
3.468478832320288863e+00 1.892016390734906128e+00
3.882952015669022927e+00 1.487906291418868543e+00
5.229848028241388391e+00 1.509527786160880458e+00
5.345852821207869532e+00 2.348235061331784834e+00
5.188773354081074096e+00 2.195097414226702348e+00
4.565875782580655518e+00 1.511219845344814905e+00
4.920452146585560627e+00 1.937409957991746090e+00
5.445807374838757653e+00 2.041278693931515065e+00
4.201056912286235345e+00 1.760628493092927016e+00
4.947572918888892168e+00 2.157148580910346336e+00
3.600285154028440626e+00 1.513714591119622366e+00
3.277395994358482056e+00 1.176426714027203557e+00
4.469975587974706066e+00 1.762378385405325876e+00
3.817757903231600469e+00 1.634378323667162292e+00
4.507087812178013131e+00 2.125167801008214674e+00
4.346072131772387159e+00 1.513145291805094939e+00
4.291997542257628417e+00 1.310346689820882427e+00
3.834723988817614782e+00 1.443396138387436078e+00
5.026536283591680920e+00 1.573117392388289515e+00
4.930246285917995408e+00 1.904403697061668899e+00
4.294009211269185222e+00 1.965052625851365420e+00
5.596409810323272893e+00 2.628237106080886676e+00
6.380201405148710592e+00 2.756282037048523481e+00
7.618699393664440045e+00 2.549482339663445174e+00
8.645513972247538703e+00 3.724362942851490388e+00
7.519502632043637114e+00 3.779686184259054560e+00
7.357419657224549603e+00 2.450684088632631319e+00
9.688678299955247653e+00 3.517037272218809019e+00
9.379104549194630991e+00 3.610747442562653564e+00
6.851719113235901659e+00 2.803643192582053523e+00
8.223140713589886630e+00 4.367061232794444692e+00
6.715140820591016357e+00 3.060901887465309112e+00
7.469825949067185000e+00 3.584957693196011430e+00
7.425585097520034594e+00 2.851054641815669477e+00
6.552510911827053697e+00 3.335531130531219191e+00
8.007930133294191677e+00 3.534154095377837645e+00
7.919204267460902891e+00 3.926786007263815215e+00
7.111980697506091964e+00 2.669178328900490449e+00
6.217687997682372014e+00 2.480789870941426223e+00
5.751646401716929979e+00 2.633222175094557027e+00
6.640732462863556229e+00 2.369946114220950140e+00
4.120247549302078482e+00 2.172046984124680780e+00
4.736731159201693409e+00 1.774077907648222707e+00
3.832745898489028580e+00 1.748940099323184727e+00
4.082804522968483951e+00 1.699918907515967748e+00
3.023868255056096022e+00 1.215278629717272407e+00
3.047169043559365686e+00 9.739804858124343490e-01
3.244115578384251464e+00 1.175461221066888440e+00
3.438665712989900314e+00 1.315469792124051462e+00
3.792557098024448070e+00 1.515534112959335156e+00
4.395896866032865447e+00 1.557081567097044372e+00
3.770918499899853060e+00 1.390322597955017336e+00
3.790210843523578621e+00 1.980406024007126842e+00
3.575611672710587552e+00 1.178188668802011785e+00
4.555649341086077442e+00 1.897078007184872739e+00
4.719575058883573426e+00 1.523267346208931894e+00
4.122270624124288574e+00 1.368001652977486327e+00
4.095391629942980671e+00 1.522608649274032500e+00
4.100501005693536705e+00 2.120957161859567286e+00
3.324740408254296398e+00 1.455378673469663431e+00
5.645232021633113995e+00 2.381335702056192272e+00
6.634263523224315229e+00 2.739314093605388134e+00
5.749080418642651402e+00 2.575665311245411981e+00
5.551641436302563015e+00 2.242643730646709965e+00
7.463930452349669231e+00 3.615205691913287556e+00
9.087922607855309920e+00 3.416965615852042504e+00
6.583287202573070651e+00 3.067178942818280074e+00
5.831182986250724731e+00 2.185225690464633441e+00
6.446993429292678712e+00 3.670106744202479732e+00
5.579836326885736497e+00 2.992802806480707734e+00
6.580999215279111247e+00 2.902383384718592030e+00
7.321213763257023110e+00 2.362701595030344492e+00
6.285199894344405180e+00 2.526632880978136875e+00
8.013731015502170152e+00 2.932297884685945100e+00
7.666761579559055129e+00 2.891553338083143299e+00
6.762421921213398690e+00 3.268481871525539706e+00
6.232388343630444361e+00 2.302225605371853057e+00
4.082707881420138740e+00 1.463013612530570384e+00
5.382571746413258751e+00 2.271459100020654542e+00
6.036918518962540503e+00 1.927722216464555993e+00
6.023727428319960886e+00 2.955095386421235926e+00
3.904499425822648195e+00 2.199961210803941469e+00
5.687052822020983278e+00 2.904137408182223545e+00
7.301583638595388059e+00 3.197036155350835518e+00
6.404279944514693845e+00 3.361637285500974404e+00
5.496642009577107579e+00 2.101333056348001271e+00
6.318637932040448213e+00 2.418946738724138346e+00
5.511884705598798284e+00 2.534260711218999429e+00
5.886784334686573139e+00 2.468291407071417254e+00
3.153041430556671632e+00 1.787940165190207820e+00
3.257436603052386470e+00 1.270700129454292560e+00
3.977399013283475337e+00 1.723472985980117000e+00
3.486259814998641904e+00 1.206122840921877604e+00
4.763524227443657111e+00 1.550205308386020109e+00
3.627569027057779838e+00 1.279151131545759323e+00
2.953675950188686894e+00 1.608497462258002608e+00
2.724066749638975438e+00 1.201753243159945583e+00
3.331708818695771068e+00 1.761193604686790870e+00
3.597458193966369233e+00 2.194743320172769518e+00
5.323445553098671290e+00 3.470585419847514341e+00
4.100717088165406032e+00 1.736821404748071451e+00
3.962955189526350619e+00 1.714806225168252984e+00
4.512320514972183894e+00 2.346285221408125121e+00
3.773552639938291264e+00 1.617892338043348976e+00
5.661540756608192559e+00 3.008359501385815982e+00
4.341461748206095983e+00 1.656590475008297814e+00
4.668329864645691885e+00 2.586502190962928882e+00
5.456796969353963966e+00 1.843410554749245645e+00
4.274375986669933347e+00 1.143049043566746414e+00
4.918118711511424657e+00 1.500475505202962134e+00
5.006359797431751524e+00 1.321819343002477609e+00
4.929681462780716394e+00 1.599062471262521878e+00
4.711985972898039776e+00 1.398968069210275278e+00
3.555177812696259210e+00 1.428399311885914402e+00
4.381364464950018522e+00 2.071769841336860818e+00
3.726567597520624275e+00 1.833814375858091816e+00
4.242436272779088746e+00 1.909046220247112569e+00
4.697093576280850336e+00 1.687303872005512018e+00
5.009358813073647276e+00 1.543261892376569300e+00
5.088102463508186624e+00 1.989745672192600567e+00
3.737611738417651264e+00 1.707040072114936580e+00
5.489764478927290803e+00 1.786952581388966621e+00
4.637009500313342691e+00 1.526722656755453711e+00
4.645754144030949995e+00 1.503799164635866603e+00
4.293237898652045637e+00 1.403947429293003202e+00
5.975098072271788574e+00 1.971000748544678105e+00
6.192024567942877589e+00 2.000541164869117594e+00
4.415626287379013526e+00 2.147382515881699039e+00
5.672376477114177362e+00 2.156023953828956508e+00
4.948337232286728060e+00 1.911716825528842589e+00
5.293236540493407638e+00 2.136885735892963378e+00
6.885850460341294443e+00 2.668679635150060125e+00
6.566410366315153624e+00 2.153675296416216689e+00
8.576398036827008298e+00 3.206311492444798628e+00
7.341714820373386630e+00 2.390557505077355316e+00
8.443490297612656903e+00 3.040896153472660401e+00
6.974641422969554583e+00 4.290022062949151227e+00
8.759623677612125903e+00 3.471268238347850588e+00
1.092577115739132410e+01 4.546495569897492928e+00
1.160386265661405325e+01 3.840671326191848145e+00
1.300341299411607565e+01 4.878809424370825099e+00
6.108241360263659381e+00 3.278516007042886482e+00
5.552811603261109674e+00 3.068622267624276923e+00
4.819609356091274499e+00 2.728589475808153253e+00
