4.267784111513452494e+00 1.902620453579847437e+00
4.494557849523386217e+00 1.677261481094124651e+00
3.918332786921001176e+00 1.470528423888197711e+00
5.132109902714193872e+00 2.226787451431764708e+00
3.950982210093737734e+00 2.284839360331572422e+00
4.259592178624437508e+00 2.079739146523142512e+00
4.283561613874453222e+00 1.462564545475046662e+00
4.267286423196195777e+00 2.310203927176127880e+00
3.648497297378892057e+00 1.746350888218860087e+00
4.756324335816011661e+00 2.275740671342912691e+00
3.422178510351191250e+00 1.395129821151434912e+00
3.604880147621511099e+00 1.205831279831220515e+00
3.905857231870699664e+00 2.000547669994268585e+00
4.450242356661418874e+00 1.942126840451118275e+00
4.835521060367814705e+00 1.518777471842501559e+00
5.663343268049788826e+00 1.904134883345568907e+00
5.045045308034783460e+00 2.154696113032037452e+00
5.404411647005787245e+00 1.730886326397370834e+00
5.187365657313793399e+00 1.780463186988425095e+00
5.073891205498649803e+00 1.650818331187663190e+00
5.336209365212897460e+00 2.264436314735204459e+00
5.002590785732683010e+00 2.338082856568346912e+00
6.294035855279968672e+00 3.523880528416529323e+00
5.736556698439531310e+00 2.835910425516629640e+00
8.459334349172308976e+00 4.012235015572589880e+00
8.605142880732254085e+00 3.817245355074162294e+00
9.165577395943717676e+00 3.347380815652398311e+00
8.976230501504147696e+00 2.690743030641898237e+00
7.318189463319465737e+00 1.963607728188424328e+00
7.788712761859428291e+00 3.684488149709255644e+00
8.771898568453094569e+00 3.231299825555601135e+00
1.113104720038563578e+01 4.164136529377780782e+00
6.441244275736417002e+00 1.910009221071266694e+00
9.597631403523223526e+00 4.067850012742712629e+00
6.733862324055702508e+00 3.003028537386093433e+00
5.517262817790519414e+00 2.024566356417221602e+00
6.269056070822514926e+00 1.521411405495918467e+00
6.958734299211200458e+00 1.956450432798144456e+00
4.801944456422982732e+00 2.324104921212209796e+00
5.551530672071689487e+00 2.005689686347719380e+00
6.301204455210785760e+00 2.074416280612315422e+00
7.282177732996582442e+00 3.387767876816899726e+00
4.010362951369153883e+00 1.831646743041776215e+00
3.423695119429480016e+00 1.705900819060522933e+00
5.183435686220844829e+00 1.649397631011214393e+00
4.571992075078256335e+00 1.170729804265519425e+00
3.142830543012481215e+00 1.381502282683647609e+00
3.579526322519496873e+00 1.645163797292324981e+00
6.237633672805302787e+00 2.913866288521372194e+00
5.776547580928730774e+00 1.736140217283350440e+00
6.143372521871392600e+00 1.558616654551288061e+00
6.600315856787847046e+00 2.487330379883389231e+00
7.118960236079407089e+00 2.987310266127475966e+00
1.065950035547310115e+01 4.433107706517677826e+00
9.050911146484439840e+00 3.884372051485445176e+00
9.647911127621169314e+00 4.648644037543099294e+00
9.484844177325749470e+00 3.601886293126189909e+00
1.031099854626942403e+01 4.555591734689349082e+00
1.063798895147110635e+01 4.831362558063393209e+00
7.857708716911670166e+00 4.971804494876822744e+00
5.181976430211586937e+00 2.237476962915901257e+00
5.578384668035848648e+00 2.253862542141500835e+00
6.366584751507638806e+00 2.640188725517893076e+00
7.496888356159915112e+00 2.460450462224223589e+00
6.846709635399094829e+00 3.885269582119454501e+00
8.482399834719531739e+00 4.416039555325048660e+00
9.573058114731901824e+00 3.940839796105662707e+00
8.939066704101739091e+00 3.701308261323077886e+00
1.005541349363244485e+01 3.760829529071204380e+00
9.020331232818909584e+00 3.650275845346059533e+00
7.464673450611485350e+00 2.616627776337944411e+00
6.940739542787948579e+00 2.415378684102154061e+00
8.292622478013909060e+00 2.296552982482449767e+00
9.263612023442478360e+00 4.164359312274267921e+00
6.353027988313854735e+00 2.604044372980992339e+00
5.025869823317280272e+00 1.519456751225109592e+00
5.086477559108641522e+00 1.501437989447764743e+00
4.410411993418985155e+00 1.596416456172782938e+00
4.888276259798740142e+00 1.538180736178012875e+00
4.807209066041271406e+00 1.714520963059432690e+00
4.328353852721625650e+00 1.913044373634374962e+00
3.738902477564070903e+00 1.083635925641968312e+00
5.397105862895682726e+00 2.041220791247225108e+00
4.332919174645668114e+00 1.858919354694246406e+00
4.081352096207557345e+00 1.137178177823581660e+00
3.168200702332464314e+00 1.013539988871150710e+00
4.163310538334688893e+00 2.014806973783113797e+00
4.250158457066010698e+00 1.165210124034427031e+00
4.165350533956249102e+00 1.294637764189732421e+00
3.340155326827023430e+00 9.647908106519168525e-01
3.626548455482889732e+00 1.862436103431847068e+00
4.860512423149278227e+00 1.498815617561041647e+00
4.993200175845656119e+00 1.300674012725560713e+00
4.549300777955471276e+00 1.403773720259801738e+00
3.713043410539460520e+00 1.576071395508303885e+00
3.780753808496888357e+00 1.598369060766412497e+00
4.117389285057833526e+00 1.564626303664753637e+00
3.032363654909606243e+00 1.552223879243104010e+00
2.178112740580180784e+00 1.207512776865021120e+00
3.051552154017449947e+00 1.871038547797139628e+00
2.982137475945164429e+00 1.181917783639545583e+00
3.079897191116306221e+00 1.532664346224124063e+00
3.057626200859773657e+00 1.315786917615557439e+00
5.647711177724879406e+00 2.452048994240670687e+00
6.248859720303521215e+00 2.771820746382303025e+00
6.828034993549145781e+00 2.247996509926069475e+00
7.254366955873964962e+00 2.457669955061833278e+00
7.519118492842721047e+00 2.881156561065164379e+00
7.554051107842457036e+00 3.003728821686693085e+00
7.016502592279434403e+00 2.649976112505776804e+00
8.602494250453865732e+00 3.661945756893371318e+00
8.341230865126464167e+00 3.159963107460165954e+00
1.014333437950832639e+01 2.999308564310670722e+00
7.638175303581640208e+00 3.175523773226936353e+00
6.346207939860622815e+00 2.571625027718361434e+00
5.608179971472292635e+00 2.167028471031523740e+00
6.155387143038208997e+00 2.447104246494092195e+00
5.369654541323197527e+00 2.213550263289062681e+00
3.697173763213571718e+00 1.868005765244966421e+00
3.940021006024054362e+00 1.893060791588620617e+00
2.749244351963417543e+00 1.549574588184473134e+00
3.115311473272542653e+00 1.296807711300761667e+00
2.512916804248608305e+00 1.419484627428906354e+00
3.213779404530442196e+00 1.444899757911537685e+00
2.602933210914919471e+00 1.201681716570028646e+00
2.619142433188848873e+00 9.904189889495745858e-01
2.535188138201932784e+00 1.061803221056428770e+00
2.596284438001128070e+00 1.309143584497071799e+00
2.742468446271962623e+00 1.474017615847075469e+00
3.568596412098584025e+00 1.562008053042877487e+00
2.613394977543803233e+00 1.297147528477074596e+00
2.087401537193404710e+00 1.444084905954819753e+00
2.533421662623363879e+00 1.328614472229042942e+00
2.570290653953937632e+00 1.244372604703958940e+00
3.148338661893422596e+00 1.531064043872472968e+00
3.554350460749216456e+00 2.099292769231105638e+00
3.543130187093213479e+00 1.234631525052567014e+00
3.480222011306802532e+00 1.443832272526339944e+00
4.029308776387808599e+00 1.825106775177028462e+00
5.040363383069255576e+00 1.870951041327455266e+00
7.080563209481745446e+00 3.690882073891909254e+00
5.522035721992804014e+00 2.603470323694984767e+00
5.661949753888367631e+00 2.728516125455446417e+00
5.184935795803830239e+00 2.768429506577745780e+00
4.880443438763066411e+00 2.370371723441027534e+00
6.398130453500755266e+00 3.242921011726285219e+00
4.515466619267265891e+00 2.363603798892824237e+00
5.694612191451444261e+00 2.308215171129867294e+00
7.756377798804127366e+00 4.077495163267204958e+00
9.188467629369869272e+00 6.905444454921513042e+00
9.696995308405167435e+00 3.050144777878566860e+00
8.350984359807453572e+00 3.991258257179984170e+00
9.141792133483184202e+00 2.644501786550226718e+00
1.035225039749442111e+01 2.821162766109394759e+00
1.040876638529919340e+01 4.911902913886126321e+00
8.224024978963809573e+00 2.143289098874096688e+00
7.234025389235796411e+00 2.409327412566615312e+00
7.243890425731197347e+00 2.896262397705619662e+00
6.099915743580901939e+00 2.920730339322612057e+00
4.845846282073956068e+00 2.249269794902474473e+00
5.365851132754624331e+00 1.222322874595155540e+00
5.197218336172858777e+00 1.229183227470805662e+00
4.535851610634044739e+00 1.602433552335344569e+00
5.053818410733611266e+00 1.555611870042302058e+00
4.117063559673599826e+00 1.591823181610998894e+00
4.946300567545841353e+00 1.480425632464335672e+00
4.475056265085275875e+00 1.796216936743064263e+00
5.493488085066160487e+00 2.146466806253635617e+00
8.177094820269946496e+00 4.040736692557556964e+00
9.997643433943210312e+00 4.628448229289944038e+00
1.079183786342948714e+01 4.651585808690187562e+00
1.574355878644897189e+01 6.354373509863083136e+00
1.491422551697442600e+01 5.614072185933052239e+00
1.312612456181957832e+01 5.497874550956710848e+00
1.620578496982920669e+01 6.615194230828564059e+00
2.021311048676153277e+01 5.371858644548988870e+00
1.647408756421209475e+01 6.315031619152235542e+00
1.485680607094353434e+01 5.757871102541247232e+00
1.106201673922393525e+01 3.761763107894678715e+00
1.040855291976254016e+01 4.311643572045000816e+00
6.450699682881619879e+00 2.346152901269350721e+00
6.543508186821952677e+00 2.581608605620878905e+00
5.998243679821235297e+00 2.862790334062512265e+00
4.484100403172932126e+00 2.047182823325033318e+00
3.663931609404468048e+00 1.336809228975023078e+00
4.374643255660526364e+00 1.941185960794756804e+00
4.742065270433461599e+00 2.606472846669668719e+00
5.721375317595042809e+00 1.861864047469416805e+00
6.015500685405856807e+00 1.297107654240885255e+00
6.300804660479073505e+00 1.464271282092881599e+00
8.045205623640535819e+00 2.161776090125255845e+00
1.229810222351577842e+01 5.429875825537120448e+00
1.391325981719681160e+01 5.764844877987669314e+00
1.251147288200652241e+01 3.481100039198349094e+00
1.045703130738279363e+01 3.710444382356072879e+00
9.396698435782015579e+00 3.411790490216553007e+00
8.834292299230869006e+00 4.932660770185037791e+00
8.770100572669262462e+00 3.976332809297921322e+00
8.647704685849499029e+00 2.269131692556301427e+00
9.827819458107633466e+00 3.876685136593996273e+00
1.067682040919235398e+01 3.496209400218309948e+00
7.866105311809228340e+00 4.017681537591673013e+00
5.515321863985181317e+00 2.289487272284176811e+00
5.428405570971979621e+00 2.472441074376201087e+00
5.029442283900554145e+00 2.787122714375994459e+00
5.978071443682043906e+00 2.677013635918226608e+00
7.821485231811994510e+00 2.986496086435596720e+00
8.100212010940628815e+00 3.016179095085080419e+00
1.099063883836412536e+01 5.752571909464935906e+00
1.071550566579183261e+01 4.586806904762432247e+00
9.432359241695426277e+00 4.643649902382905204e+00
1.430284696028608948e+01 6.035253947523822049e+00
1.176007419720183123e+01 4.110394036314094279e+00
1.221634708405822245e+01 3.853907248879084424e+00
1.023163292914025568e+01 3.490596862685714008e+00
1.136137329954435415e+01 3.496540916547010269e+00
7.945606005105975811e+00 2.885667384568554983e+00
6.947548443114680339e+00 2.582821001887592338e+00
7.301786225913466488e+00 3.695637092807495083e+00
5.483788488988821541e+00 1.919954678681534688e+00
6.808375092100800607e+00 3.142946530271638839e+00
7.679898353506121822e+00 3.097140820762110724e+00
7.349183209473326706e+00 3.277050885396124880e+00
9.568907974861799559e+00 3.714528211276785008e+00
7.920325202812857235e+00 3.045400808133551962e+00
8.197739512755495284e+00 3.995353537155312384e+00
8.841541778859776102e+00 5.093813747391739533e+00
1.139497444034239670e+01 5.185938921517048605e+00
9.699895541165254542e+00 3.604090397268695956e+00
8.732744705175239375e+00 2.823748669596794603e+00
7.792879898119523752e+00 3.637517333941333586e+00
6.046361214188706867e+00 2.318822834444041803e+00
6.877037706884308932e+00 2.441101762697208688e+00
7.182748982719427744e+00 2.922796746393217848e+00
7.197171927589309348e+00 2.983911913641905667e+00
9.332284847180851273e+00 4.391425758051847872e+00
8.022095129518492129e+00 3.361146008042455779e+00
8.821095554116405779e+00 3.174524955583688968e+00
7.769133475188998439e+00 3.474627797764131554e+00
7.853538831077229609e+00 3.608544265540463591e+00
8.569003322514022969e+00 4.698189217981970422e+00
8.731366486417309503e+00 2.628619134424516446e+00
7.174867894560463810e+00 2.929217473405743899e+00
7.495672718829506032e+00 3.576129311688177381e+00
7.627051322167517355e+00 3.759625755334834452e+00
8.920613112033363379e+00 4.041513336000402745e+00
8.775572359589842719e+00 2.815858155601682178e+00
1.260246306622129531e+01 5.711116089376025329e+00
1.449691269709621366e+01 1.032764609559982638e+01
1.302336635329693060e+01 6.174644792438079399e+00
8.889970758850170185e+00 2.692801998349410475e+00
8.136696049829989619e+00 2.953251216344499497e+00
9.348946652923142864e+00 2.661529188471552843e+00
9.447694338903341205e+00 2.849146930620126472e+00
1.189629183069968832e+01 5.030137326912790918e+00
1.010439433318801861e+01 4.055828786607079905e+00
9.418031980450455976e+00 2.930871596710122873e+00
9.576348992692716777e+00 4.546054539196384248e+00
9.315641514564648062e+00 3.650151297233142245e+00
9.476701825068031937e+00 3.002941403633098361e+00
1.144439414844028668e+01 4.249660107731688896e+00
8.824450205969116112e+00 2.938437810459725519e+00
1.558174016483537905e+01 8.561820625613030700e+00
1.755284680478211001e+01 1.260192075491505292e+01
1.801497325122843662e+01 7.464274824232654204e+00
1.873508242172031046e+01 6.021208664723429749e+00
2.048157138270644850e+01 6.085708143628138167e+00
1.629498666667929641e+01 4.493379873785411149e+00
1.203710982002214536e+01 4.534121628020608696e+00
8.351261403319087506e+00 4.098538548167190321e+00
6.726764239364136699e+00 2.205634817473836939e+00
7.972786461984990858e+00 2.095737736051803246e+00
6.421582890084707174e+00 2.514095209379090257e+00
6.127127102274857684e+00 2.503421346546141901e+00
7.168831732885131203e+00 3.213798753076279269e+00
5.180406118446562402e+00 2.479923274198340355e+00
4.782472999905510669e+00 2.224818294564541610e+00
6.669345332946950755e+00 2.867183100393597694e+00
5.917203920271195905e+00 3.255632247866551587e+00
6.365516478977880865e+00 2.833575502677290192e+00
8.534916367282484373e+00 3.361396067863467785e+00
9.701618021761925448e+00 3.618209197822258805e+00
8.609277709750660534e+00 3.338751205998546023e+00
6.590338241969630140e+00 3.007846548972183065e+00
6.624092957026075368e+00 2.174662347842080568e+00
6.177907047481260072e+00 1.945530532282499614e+00
7.132815417363647548e+00 2.870164675140640220e+00
8.459265366273461595e+00 3.159911594330647056e+00
7.557373467644855403e+00 2.650107686227487047e+00
7.922425410493989517e+00 3.948194931522437390e+00
7.919287903150556751e+00 2.594059735725410487e+00
7.386401806287337557e+00 2.831957427719226317e+00
5.897296815396198433e+00 2.093223758960427894e+00
4.660003122514886797e+00 1.605077744307275678e+00
5.754492018746766746e+00 1.978155103257539738e+00
5.991486850197991210e+00 1.991805653374522755e+00
6.508598647387537461e+00 2.186751620761050674e+00
3.856472941783092523e+00 1.665714160372560260e+00
4.992387370656956591e+00 1.900895034933108629e+00
4.332195686070899221e+00 1.439154408334134549e+00
6.343978623721791443e+00 2.855748906492893813e+00
5.304137221769056332e+00 2.231460176165112497e+00
6.541086535671333912e+00 1.978625773686217171e+00
4.629862050120858719e+00 1.818577250298348824e+00
6.187363376300642592e+00 2.123116947223890438e+00
5.180130457446198378e+00 1.742589819722418332e+00
6.376995743443586662e+00 1.802932829455087038e+00
6.604342293124109808e+00 2.650539602874508294e+00
5.873660096606569958e+00 2.624708170691661291e+00
6.343357771484406271e+00 2.629594646079487674e+00
8.679509261512018625e+00 3.870094999304600325e+00
6.838457194890753321e+00 3.499827534385429040e+00
7.255199328607545795e+00 2.855333659651108746e+00
1.014252077750984604e+01 4.552112400100532419e+00
9.625927837526100816e+00 3.276910757800266971e+00
6.269999476396383109e+00 2.738314953428923282e+00
8.914603017502392035e+00 4.414827800058290563e+00
7.861236324424102584e+00 4.522125462198675727e+00
8.696257947351115902e+00 3.420900548902860550e+00
7.982251828613080136e+00 2.969975518574433870e+00
5.214580687256272107e+00 3.205172977967969405e+00
7.292509116023434323e+00 3.630452529607172796e+00
8.111387375664653732e+00 3.720006091937780202e+00
7.203846118617563299e+00 3.021418276341663933e+00
7.734697367587007655e+00 3.163695759987548595e+00
8.456840698579071613e+00 3.285094963888153696e+00
6.541456895294014195e+00 2.966013211482892764e+00
7.081333511616016096e+00 3.680505316678533756e+00
6.932491631617071270e+00 3.845010832845658477e+00
5.251293619674279434e+00 2.214159651078804636e+00
5.753119306861620430e+00 2.370213819938990607e+00
6.659261097485614123e+00 3.159802388286751640e+00
6.642358305498517801e+00 2.594911064198783368e+00
6.457888560666382283e+00 2.552247116315445208e+00
6.813287081741130180e+00 2.404315102319328545e+00
5.142431944648483189e+00 1.903991106374737674e+00
5.510682559214380660e+00 2.073235685461111366e+00
6.205729103012799008e+00 2.235348296373856236e+00
5.725291821184661067e+00 2.083602426826146825e+00
5.719199986560578708e+00 1.661623831464294598e+00
6.662967330501807339e+00 2.391783580195740999e+00
6.309316091797118276e+00 2.444429705040427780e+00
5.070377908387111887e+00 1.747679476000023380e+00
5.624440803612618112e+00 2.094146652377733897e+00
5.906158155481544547e+00 2.858455244437169807e+00
4.247059288002559718e+00 1.819975796811761803e+00
5.876434711431943292e+00 2.834663146230035569e+00
6.660797343112047741e+00 3.124371297974669393e+00
6.820447884012654782e+00 3.494234473865738266e+00
6.824257331343620336e+00 3.359363660012105512e+00
7.150214365327596688e+00 2.926425772170939243e+00
8.010064690831931955e+00 3.012153659112605020e+00
6.621908010205515005e+00 2.305919153077041983e+00
5.807921062792750888e+00 2.516355388218981304e+00
4.892827653382361142e+00 3.077572062523928231e+00
5.377752531986743634e+00 2.355127485898459216e+00
4.958089223177814198e+00 1.836196191575002024e+00
4.381847482660664816e+00 1.503655371013457698e+00
5.481706069089447908e+00 1.864210621642892862e+00
5.556235515049309015e+00 2.457424974014950969e+00
5.043803611284114474e+00 2.219780642632354972e+00
4.898763202537383954e+00 2.110355160075497949e+00
4.672070540142457595e+00 1.616558617079797422e+00
4.291531636586875642e+00 1.437011986551300691e+00
5.016084948486804862e+00 1.588588704316300060e+00
5.514743670306205381e+00 1.856654619994829503e+00
4.714169183918128780e+00 2.926605907956236763e+00
4.193747346198835935e+00 1.818164895026501693e+00
5.322666560999114616e+00 2.244978735050112917e+00
6.269741313036043096e+00 3.195051641529293995e+00
5.249425352705147318e+00 2.628061179592963370e+00
5.821053051061976014e+00 2.226660187268629798e+00
6.976480103084251816e+00 2.843550672576236504e+00
6.711486026664059246e+00 3.169783243383509586e+00
6.097538344608255834e+00 2.856024015817306694e+00
3.484014976639917993e+00 1.430652943283491796e+00
3.517112140886341276e+00 1.635667063189733206e+00
2.913686015045579669e+00 1.422050958632293360e+00
3.218925779124000908e+00 1.678364359029741903e+00
3.628023045259320067e+00 1.389337687311825720e+00
4.220663967824215490e+00 2.207834717100710886e+00
4.997716072642377050e+00 1.823355919935661706e+00
4.511090804004054711e+00 1.863060298608624210e+00
6.282381377056871052e+00 2.639811643389561979e+00
6.564297094975876767e+00 2.401838060768159977e+00
7.703476930141035517e+00 3.312677326625289354e+00
5.783162022783758793e+00 2.375901774112827880e+00
4.762872809266709417e+00 1.528347967072931635e+00
5.950983928577702642e+00 2.154813185711642820e+00
6.316767944697320836e+00 2.021036542663994240e+00
6.113411655458565797e+00 2.671814394555941607e+00
4.751331092141217738e+00 1.694386214167327376e+00
6.590091616520363793e+00 2.932546108641531202e+00
6.021649997963369749e+00 2.116457873180409788e+00
6.215514212123868454e+00 2.447903887069235562e+00
5.474429468310319180e+00 1.849174206758259276e+00
4.778885462751139457e+00 1.818957931568610409e+00
4.155886236782216692e+00 1.793800000584924170e+00
6.304318105370488645e+00 2.454770467065535922e+00
5.339696172706660526e+00 1.786741127187844835e+00
6.684996990816739704e+00 2.645431255201206699e+00
5.278309705589291134e+00 2.697676464972645238e+00
6.401144865927321348e+00 2.720639302920770053e+00
6.316849394648701654e+00 2.148667399969934610e+00
7.314769490043073752e+00 2.166564181720959770e+00
7.841917629907041665e+00 2.691251279514855543e+00
5.828045553924899203e+00 2.553703848677801425e+00
7.411138667183631235e+00 2.369484436981282194e+00
6.742272173042221262e+00 2.153529946667120054e+00
5.756660020683134427e+00 2.186951486961156377e+00
5.299459757137732652e+00 2.226335859410548679e+00
5.981240079396914489e+00 2.349116006540319379e+00
6.357759155631913295e+00 3.398350446159805749e+00
4.747558351106989427e+00 2.395752886456018693e+00
4.805520807087172663e+00 1.994483125034617332e+00
4.975011778626707404e+00 2.320161237483335359e+00
5.093545724938606689e+00 2.604993398418813388e+00
6.512064403133052792e+00 2.534692337510627613e+00
7.528244472715583946e+00 2.230743385839664583e+00
1.060300864732546700e+01 4.503888799284121447e+00
6.227342315902814285e+00 2.666468679934637986e+00
7.250065968404329375e+00 2.858923335309160763e+00
7.107007680093878399e+00 4.445309613246833713e+00
1.085480098640738333e+01 3.718228698787150233e+00
1.167599605090120463e+01 5.743532089368674320e+00
1.131818697866530066e+01 3.548890596233226891e+00
1.202448523754836707e+01 5.319626623579729596e+00
7.662396550372392312e+00 4.231200112419216453e+00
7.678655406832679553e+00 3.734267970310686025e+00
8.776181050107805248e+00 3.376211342323451436e+00
