3.704166666666667052e+00 1.777142857142856691e+00
3.560416666666666785e+00 1.139705882352941124e+00
3.741666666666667140e+00 1.333802816901408894e+00
4.572916666666666963e+00 2.015492957746477742e+00
3.514583333333332948e+00 2.082539682539682246e+00
2.856250000000000622e+00 1.218840579710144700e+00
3.708333333333333481e+00 1.445070422535211563e+00
3.564583333333333215e+00 1.815625000000001155e+00
2.529166666666666785e+00 1.396923076923077156e+00
3.270833333333333925e+00 1.575362318840579867e+00
2.668749999999999734e+00 1.653731343283581845e+00
3.293750000000000622e+00 1.271830985915493040e+00
3.427083333333333481e+00 1.635820895522388296e+00
3.479166666666666519e+00 1.564788732394366999e+00
4.272916666666667140e+00 1.301408450704225395e+00
5.272916666666666252e+00 1.443835616438356562e+00
4.979166666666666963e+00 2.030555555555556779e+00
5.449999999999999289e+00 1.865277777777778034e+00
5.225000000000000533e+00 1.908064516129032162e+00
5.235416666666666607e+00 1.673846153846153761e+00
5.102083333333333748e+00 2.122388059701493468e+00
4.616666666666666252e+00 2.579365079365078195e+00
6.179166666666667140e+00 4.010169491525424235e+00
5.387500000000000178e+00 2.462903225806451601e+00
8.635416666666666075e+00 4.138709677419354804e+00
8.327083333333334281e+00 3.342187499999999645e+00
8.908333333333333215e+00 3.167605633802817344e+00
9.147916666666667140e+00 3.034328358208955301e+00
7.779166666666665897e+00 1.617910447761194082e+00
8.025000000000000355e+00 3.244776119402986048e+00
8.635416666666666075e+00 3.011111111111112404e+00
1.105208333333333393e+01 3.778378378378378866e+00
6.391666666666666607e+00 1.618461538461538396e+00
8.947916666666666075e+00 3.502777777777777768e+00
7.483333333333334281e+00 2.868115942028985010e+00
6.674999999999999822e+00 2.049253731343283924e+00
7.377083333333334103e+00 1.683098591549296197e+00
7.541666666666666963e+00 1.786301369863013466e+00
5.816666666666667318e+00 2.386666666666664938e+00
6.689583333333334103e+00 2.546153846153846878e+00
7.381249999999998757e+00 2.346268656716418377e+00
8.797916666666665719e+00 3.979411764705881982e+00
4.822916666666666963e+00 2.095238095238095344e+00
4.489583333333333037e+00 1.922058823529412042e+00
5.435416666666665897e+00 1.509589041095890316e+00
4.977083333333332860e+00 1.428169014084506250e+00
2.514583333333333393e+00 1.191803278688524870e+00
2.762499999999999289e+00 1.298305084745762894e+00
4.762499999999999289e+00 2.556716417910447348e+00
4.547916666666666607e+00 1.232394366197183233e+00
5.170833333333333393e+00 1.304285714285714493e+00
5.679166666666667140e+00 1.859154929577465198e+00
6.256249999999998757e+00 2.784615384615384936e+00
9.250000000000000000e+00 3.862820512820513752e+00
7.924999999999999822e+00 3.439189189189188589e+00
8.197916666666666075e+00 3.872289156626504525e+00
8.537499999999999645e+00 3.177941176470586271e+00
9.308333333333333570e+00 3.973972602739726412e+00
9.441666666666664653e+00 4.461428571428572631e+00
6.681249999999999467e+00 3.978461538461537828e+00
4.274999999999999467e+00 2.012121212121212199e+00
3.864583333333333481e+00 1.577611940298507376e+00
5.564583333333334103e+00 2.688333333333332575e+00
6.793750000000000178e+00 2.526984126984126888e+00
7.831249999999999822e+00 4.473239436619719456e+00
9.987500000000000711e+00 5.281481481481481666e+00
1.119374999999999964e+01 4.685333333333331574e+00
1.062083333333333357e+01 4.758571428571432449e+00
1.170416666666666572e+01 4.199999999999999289e+00
1.041250000000000142e+01 3.854166666666666075e+00
8.900000000000000355e+00 2.870833333333334014e+00
7.972916666666666430e+00 2.735135135135135620e+00
8.929166666666665364e+00 2.583582089552239669e+00
9.356250000000001066e+00 4.370769230769232294e+00
6.170833333333333393e+00 2.269696969696969546e+00
5.254166666666667318e+00 1.866666666666666474e+00
5.460416666666667140e+00 1.353968253968254043e+00
5.135416666666666963e+00 2.049999999999999822e+00
5.202083333333333393e+00 1.614925373134328268e+00
5.252083333333332327e+00 1.655223880597014974e+00
4.693750000000000533e+00 2.112698412698412742e+00
4.997916666666665897e+00 1.607042253521128172e+00
6.033333333333334103e+00 2.106756756756756666e+00
5.333333333333333037e+00 2.230263157894737613e+00
4.518749999999999822e+00 1.329411764705882737e+00
3.799999999999999378e+00 1.301369863013698946e+00
4.860416666666666607e+00 2.625806451612903825e+00
4.741666666666666252e+00 1.227941176470588092e+00
4.437500000000000000e+00 1.198550724637680975e+00
3.483333333333332948e+00 9.943661971830984880e-01
4.024999999999999467e+00 2.077777777777777501e+00
5.581249999999999822e+00 1.690410958904110084e+00
5.431249999999999467e+00 1.543243243243243468e+00
4.862499999999999822e+00 1.621333333333332849e+00
4.137499999999999289e+00 1.545714285714286262e+00
4.591666666666665897e+00 1.883582089552238603e+00
4.756250000000000533e+00 1.692307692307691847e+00
3.706250000000000266e+00 1.730508474576271105e+00
2.797916666666667052e+00 1.761403508771929749e+00
3.720833333333332771e+00 1.952941176470588402e+00
3.156250000000000000e+00 1.403278688524590478e+00
3.318750000000000089e+00 1.873770491803278704e+00
2.920833333333332948e+00 1.649999999999999689e+00
6.018749999999999822e+00 2.413235294117646923e+00
6.418750000000000178e+00 2.586764705882352633e+00
7.137500000000000178e+00 2.077777777777777946e+00
7.768749999999999822e+00 2.903030303030303294e+00
8.579166666666665719e+00 3.670000000000001261e+00
8.299999999999998934e+00 3.331999999999998963e+00
7.697916666666666963e+00 2.802985074626866968e+00
8.783333333333333215e+00 3.483333333333333393e+00
9.316666666666666430e+00 3.462686567164178886e+00
1.009166666666666679e+01 3.224999999999999201e+00
8.237499999999998934e+00 3.543076923076923457e+00
6.514583333333334281e+00 2.606349206349205971e+00
6.491666666666667140e+00 2.662318840579710244e+00
6.608333333333334281e+00 2.657575757575759035e+00
5.756250000000000533e+00 2.487499999999998934e+00
4.356250000000000178e+00 2.003076923076924754e+00
3.945833333333332860e+00 1.777611940298508442e+00
3.427083333333332593e+00 1.524242424242425065e+00
3.939583333333333215e+00 1.710937500000000222e+00
3.037500000000000977e+00 1.520967741935484119e+00
3.366666666666667140e+00 1.503076923076923199e+00
3.104166666666666519e+00 1.498412698412698196e+00
3.529166666666666341e+00 1.227999999999999536e+00
3.139583333333333837e+00 1.021875000000000089e+00
2.741666666666666696e+00 9.580645161290324285e-01
2.599999999999999645e+00 8.215384615384614397e-01
3.443749999999999645e+00 1.382857142857143007e+00
3.010416666666666519e+00 1.461538461538462341e+00
2.489583333333333481e+00 1.216393442622951460e+00
2.149999999999999911e+00 1.219354838709676869e+00
2.395833333333333481e+00 1.232812500000000089e+00
3.285416666666666874e+00 1.368656716417910424e+00
3.491666666666665808e+00 1.912499999999999423e+00
3.620833333333333126e+00 1.224285714285714421e+00
3.543750000000000622e+00 1.375000000000000000e+00
3.627083333333333215e+00 1.534285714285715141e+00
4.266666666666666607e+00 1.348571428571428976e+00
6.385416666666666963e+00 2.934210526315790268e+00
4.531250000000000000e+00 2.094285714285714306e+00
4.845833333333333215e+00 2.163636363636363580e+00
4.791666666666666963e+00 2.412903225806450003e+00
4.502083333333334103e+00 1.889393939393938737e+00
6.268749999999999822e+00 2.848529411764705532e+00
4.152083333333333570e+00 2.038095238095237516e+00
4.941666666666667318e+00 2.109523809523810023e+00
7.002083333333334103e+00 3.532258064516128115e+00
8.483333333333332504e+00 6.117241379310343952e+00
8.237499999999998934e+00 2.074647887323943785e+00
7.077083333333333393e+00 3.788524590163934835e+00
7.716666666666665897e+00 2.647540983606557319e+00
8.864583333333333925e+00 2.321739130434784304e+00
8.854166666666666075e+00 4.938805970149252822e+00
6.062500000000000000e+00 1.314705882352940947e+00
6.643750000000000711e+00 2.902985074626865725e+00
7.620833333333334458e+00 3.126027397260275453e+00
7.347916666666667318e+00 3.176056338028169446e+00
6.797916666666665719e+00 2.848684210526316374e+00
7.412500000000000533e+00 1.487837837837838073e+00
7.368750000000001243e+00 1.746052631578948411e+00
6.170833333333333393e+00 1.543243243243243246e+00
6.939583333333334103e+00 1.755696202531645378e+00
5.368750000000001243e+00 1.608571428571428541e+00
5.989583333333333037e+00 1.449999999999999512e+00
5.225000000000000533e+00 1.864516129032258052e+00
5.458333333333333037e+00 1.953030303030302672e+00
9.064583333333333215e+00 4.037313432835821558e+00
1.061458333333333393e+01 5.211290322580645729e+00
1.231250000000000000e+01 4.678461538461538893e+00
1.827083333333333215e+01 6.816923076923078639e+00
1.842916666666666359e+01 6.342647058823528639e+00
1.693958333333333499e+01 7.165333333333332888e+00
2.080208333333333215e+01 8.467469879518068510e+00
2.431875000000000497e+01 6.536904761904764882e+00
2.014375000000000071e+01 7.501282051282057495e+00
1.898958333333333215e+01 6.236249999999999183e+00
1.371666666666666679e+01 2.939726027397261188e+00
1.169374999999999964e+01 2.537837837837838340e+00
8.068749999999999645e+00 2.776056338028169090e+00
8.602083333333332860e+00 2.674999999999999822e+00
6.558333333333333570e+00 2.141558441558442105e+00
5.362500000000000711e+00 2.288732394366198797e+00
3.050000000000000266e+00 1.263235294117646124e+00
4.185416666666665897e+00 1.607575757575756770e+00
4.175000000000001599e+00 2.224193548387096264e+00
3.789583333333333304e+00 1.030303030303029832e+00
4.118749999999999467e+00 1.033846153846153637e+00
5.020833333333333037e+00 1.071428571428571397e+00
6.406250000000000000e+00 2.035384615384615348e+00
9.841666666666666785e+00 4.900000000000001243e+00
1.140208333333333179e+01 4.497297297297297547e+00
1.031666666666666821e+01 3.017333333333333645e+00
9.060416666666666785e+00 3.090540540540540615e+00
7.977083333333333748e+00 3.195833333333335080e+00
8.695833333333332860e+00 4.510526315789469720e+00
7.947916666666666963e+00 3.676119402985071893e+00
8.293749999999999289e+00 2.254285714285714448e+00
8.854166666666666075e+00 2.898507462686566782e+00
9.795833333333334281e+00 3.049333333333332341e+00
8.549999999999998934e+00 4.452380952380951662e+00
6.008333333333332860e+00 2.548484848484847909e+00
5.804166666666667140e+00 2.632812500000000000e+00
4.897916666666666252e+00 2.636206896551723577e+00
6.274999999999998579e+00 4.078333333333332256e+00
8.591666666666666785e+00 3.938333333333332575e+00
1.032500000000000107e+01 4.128787878787880672e+00
1.298749999999999893e+01 6.924285714285711713e+00
1.364791666666666536e+01 5.405479452054791523e+00
1.228125000000000178e+01 6.306849315068491002e+00
1.800000000000000000e+01 7.935365853658533197e+00
1.467916666666666714e+01 4.718072289156626908e+00
1.594583333333333286e+01 5.517105263157894512e+00
1.334166666666666856e+01 4.008108108108106471e+00
1.398541666666666572e+01 4.391139240506331198e+00
1.026458333333333250e+01 3.302777777777777590e+00
8.793749999999999289e+00 2.452777777777777501e+00
7.735416666666666607e+00 2.736619718309858396e+00
5.718750000000000888e+00 1.890540540540540659e+00
5.383333333333332860e+00 1.959210526315790402e+00
5.831249999999999822e+00 2.211428571428571743e+00
5.918750000000000178e+00 2.214285714285714413e+00
7.210416666666667140e+00 2.944444444444444642e+00
6.177083333333332149e+00 2.607246376811594324e+00
8.150000000000000355e+00 3.612820512820512864e+00
9.504166666666664653e+00 5.181333333333333790e+00
1.127708333333333535e+01 6.688888888888891771e+00
1.034375000000000000e+01 3.998648648648649218e+00
9.799999999999998934e+00 3.312328767123288387e+00
8.591666666666666785e+00 3.681818181818183433e+00
7.297916666666666607e+00 2.843835616438355807e+00
7.308333333333332682e+00 2.493333333333331847e+00
7.174999999999999822e+00 2.856060606060605522e+00
6.012499999999999289e+00 2.560606060606059664e+00
6.927083333333333037e+00 3.149206349206348676e+00
5.610416666666665719e+00 2.209230769230769553e+00
5.737499999999999822e+00 2.348437499999999734e+00
5.112500000000000711e+00 2.221874999999999822e+00
5.277083333333333570e+00 2.460294117647058076e+00
5.945833333333332860e+00 2.882432432432433522e+00
6.045833333333334281e+00 1.841428571428571415e+00
4.687500000000000000e+00 1.763636363636363669e+00
5.181249999999999467e+00 2.092647058823529083e+00
5.868749999999999467e+00 2.695522388059701679e+00
6.137500000000000178e+00 2.636000000000000121e+00
6.637500000000000178e+00 2.110294117647059320e+00
9.937500000000000000e+00 4.710447761194031635e+00
1.242500000000000249e+01 7.070666666666667766e+00
1.098333333333333428e+01 4.938961038961039662e+00
6.958333333333333037e+00 2.292857142857143149e+00
6.554166666666667140e+00 2.515492957746478631e+00
8.268749999999998934e+00 2.459740259740260893e+00
9.062500000000000000e+00 3.172602739726027021e+00
1.168750000000000000e+01 5.454285714285712849e+00
1.114374999999999893e+01 4.924324324324323321e+00
1.056041666666666679e+01 3.415492957746478986e+00
1.088750000000000107e+01 5.438028169014088142e+00
1.108125000000000249e+01 4.107575757575760100e+00
1.245624999999999716e+01 4.091176470588234082e+00
1.378541666666666465e+01 4.487142857142856656e+00
1.034583333333333321e+01 3.140624999999999112e+00
1.704374999999999929e+01 8.394029850746267840e+00
1.867708333333333215e+01 1.216774193548387117e+01
1.918750000000000000e+01 8.425714285714288820e+00
1.974375000000000213e+01 7.001219512195119066e+00
2.075833333333333641e+01 5.554545454545452898e+00
1.739791666666667069e+01 4.987671232876714100e+00
1.402916666666666856e+01 5.399999999999999467e+00
9.685416666666666785e+00 4.190769230769230802e+00
7.518749999999999822e+00 2.606349206349205527e+00
8.427083333333333925e+00 2.664615384615384386e+00
5.950000000000000178e+00 2.365573770491804062e+00
5.606250000000000178e+00 2.430769230769230127e+00
6.733333333333333393e+00 3.052941176470589379e+00
6.054166666666668029e+00 2.488235294117647101e+00
5.972916666666667318e+00 2.633823529411765119e+00
7.812500000000000000e+00 3.268055555555554825e+00
6.981249999999999289e+00 3.392187499999999467e+00
8.639583333333334281e+00 4.001562500000000355e+00
9.966666666666666785e+00 3.760606060606061618e+00
1.114583333333333393e+01 3.680597014925372168e+00
9.187500000000000000e+00 3.175757575757575779e+00
7.154166666666665897e+00 3.241935483870967527e+00
6.904166666666665897e+00 2.384126984126984539e+00
6.135416666666666963e+00 1.957142857142857073e+00
5.166666666666668739e+00 2.165079365079365825e+00
6.685416666666665897e+00 2.652459016393442059e+00
5.554166666666667140e+00 2.001612903225805873e+00
5.756250000000000533e+00 3.254237288135591655e+00
5.314583333333333215e+00 1.808695652173911927e+00
4.422916666666666607e+00 1.601515151515151114e+00
4.299999999999999822e+00 1.814062500000000133e+00
3.260416666666666075e+00 9.573770491803286209e-01
3.206249999999999378e+00 1.150000000000000577e+00
5.095833333333334103e+00 1.601333333333333275e+00
4.912499999999999645e+00 1.547887323943661242e+00
3.927083333333333481e+00 1.964615384615382876e+00
5.414583333333332860e+00 2.263235294117648344e+00
5.275000000000000355e+00 1.736111111111110938e+00
8.062500000000000000e+00 4.394029850746268728e+00
7.474999999999998757e+00 3.243999999999999329e+00
9.272916666666667140e+00 2.249397590361446486e+00
7.797916666666666607e+00 2.798765432098765160e+00
9.091666666666668561e+00 2.865882352941175881e+00
7.689583333333332327e+00 2.096296296296296990e+00
8.552083333333333925e+00 2.103658536585365724e+00
8.120833333333331794e+00 2.780263157894736104e+00
6.387500000000000178e+00 2.413580246913580307e+00
6.385416666666666963e+00 2.588607594936708001e+00
9.162499999999999645e+00 4.004166666666666430e+00
7.777083333333333570e+00 3.646478873239437313e+00
7.833333333333333037e+00 3.091549295774648876e+00
1.138333333333333464e+01 4.539130434782609136e+00
1.005625000000000036e+01 3.191780821917808098e+00
8.793750000000001066e+00 3.567164179104478361e+00
1.108333333333333393e+01 5.193650793650793851e+00
1.032916666666666750e+01 5.453225806451613700e+00
1.045208333333333250e+01 4.134328358208953169e+00
1.045624999999999893e+01 3.788235294117647367e+00
7.350000000000000533e+00 3.408333333333332327e+00
9.381249999999999645e+00 4.759375000000000355e+00
1.049791666666666679e+01 4.452777777777774837e+00
1.005000000000000071e+01 3.422222222222223387e+00
1.007083333333333464e+01 4.312307692307692619e+00
1.076041666666666607e+01 3.919999999999999485e+00
9.177083333333332149e+00 3.625373134328358837e+00
8.724999999999999645e+00 3.644444444444446152e+00
7.768749999999998046e+00 2.767142857142856460e+00
5.710416666666666252e+00 2.109523809523808247e+00
5.266666666666666607e+00 1.581538461538462226e+00
5.616666666666667140e+00 2.165079365079365381e+00
3.908333333333332771e+00 1.563380281690139428e+00
3.943750000000000089e+00 1.624242424242423599e+00
5.166666666666666963e+00 1.919718309859155037e+00
4.189583333333332327e+00 1.655223880597014974e+00
4.308333333333333570e+00 1.644444444444444597e+00
4.843750000000000000e+00 1.981538461538461249e+00
4.593750000000000000e+00 2.172727272727272840e+00
4.666666666666666963e+00 1.705555555555556158e+00
5.308333333333332682e+00 2.019696969696969990e+00
5.283333333333332327e+00 2.125373134328358837e+00
3.725000000000000089e+00 1.325396825396825351e+00
4.635416666666666963e+00 1.917808219178082085e+00
4.868749999999999467e+00 2.049999999999998934e+00
3.808333333333333570e+00 1.450769230769231255e+00
5.306250000000000355e+00 2.058730158730158522e+00
6.295833333333334281e+00 2.498611111111111782e+00
5.979166666666666963e+00 2.798571428571427600e+00
6.902083333333333570e+00 3.132307692307692903e+00
7.368749999999998579e+00 2.373611111111111782e+00
8.027083333333331794e+00 2.501388888888889550e+00
6.808333333333333570e+00 2.345714285714285641e+00
6.983333333333334281e+00 3.456923076923077431e+00
6.391666666666668384e+00 3.406349206349206238e+00
6.670833333333333393e+00 2.326470588235294290e+00
5.710416666666667140e+00 1.809523809523810201e+00
5.270833333333333037e+00 1.796774193548386966e+00
6.916666666666666963e+00 2.434374999999999289e+00
5.566666666666666430e+00 1.959090909090908328e+00
4.331249999999999822e+00 1.808620689655172864e+00
4.972916666666665542e+00 1.909836065573770503e+00
4.643750000000000711e+00 1.281428571428571583e+00
4.387500000000000178e+00 1.480952380952380576e+00
4.918750000000000178e+00 1.881944444444444420e+00
4.989583333333333037e+00 1.880597014925373456e+00
3.597916666666666874e+00 2.212500000000000355e+00
2.964583333333333570e+00 1.795312500000000089e+00
4.339583333333332682e+00 1.705970149253731583e+00
5.212499999999999467e+00 2.565714285714285392e+00
4.197916666666666963e+00 2.017187499999999467e+00
4.697916666666666963e+00 2.601666666666667016e+00
5.981250000000000178e+00 2.163157894736841058e+00
6.431249999999999467e+00 3.072463768115939686e+00
5.914583333333332860e+00 2.457142857142856851e+00
3.937499999999999556e+00 1.662121212121211444e+00
3.437500000000000000e+00 1.217391304347826164e+00
3.293750000000000622e+00 1.535937499999999956e+00
3.470833333333333659e+00 1.600000000000000533e+00
3.837499999999999911e+00 1.466129032258064013e+00
3.789583333333332860e+00 1.752307692307692122e+00
4.435416666666667673e+00 1.649999999999999689e+00
3.741666666666666696e+00 1.663076923076923785e+00
5.314583333333333215e+00 2.086567164179103706e+00
5.639583333333333393e+00 2.361333333333333062e+00
7.310416666666665897e+00 3.443055555555555536e+00
5.637499999999999289e+00 2.228205128205129171e+00
4.708333333333333037e+00 1.785135135135134776e+00
6.056250000000001243e+00 2.434666666666666757e+00
6.939583333333334103e+00 2.165333333333332444e+00
6.731250000000000178e+00 2.923809523809523636e+00
5.291666666666666075e+00 1.808955223880597263e+00
7.993749999999998579e+00 3.663768115942027670e+00
7.718750000000000000e+00 2.287323943661972336e+00
7.366666666666667140e+00 2.791044776119402826e+00
6.787499999999998757e+00 2.163888888888888751e+00
5.410416666666667318e+00 1.561111111111111116e+00
4.383333333333332860e+00 1.616176470588234659e+00
5.739583333333333037e+00 1.731884057971014634e+00
4.543750000000000178e+00 1.582352941176470518e+00
5.581249999999999822e+00 2.536986301369863028e+00
4.522916666666666252e+00 2.116176470588235770e+00
5.420833333333334281e+00 2.174647887323944317e+00
5.352083333333332860e+00 2.027777777777778123e+00
6.683333333333333570e+00 2.284210526315789469e+00
6.910416666666665542e+00 2.378873239436618992e+00
5.060416666666666785e+00 2.254054054054053235e+00
6.387500000000000178e+00 2.166666666666666519e+00
5.464583333333332682e+00 2.118309859154928976e+00
4.977083333333333748e+00 1.878873239436619436e+00
4.577083333333333393e+00 1.906329113924051022e+00
5.047916666666666607e+00 1.965789473684210531e+00
5.614583333333333037e+00 2.973913043478261020e+00
4.847916666666667318e+00 2.227777777777776080e+00
4.710416666666666252e+00 1.957142857142857961e+00
5.712499999999999467e+00 2.319117647058823284e+00
5.912499999999998757e+00 2.387671232876712679e+00
7.222916666666666430e+00 3.145070422535210408e+00
7.745833333333332682e+00 2.336764705882352633e+00
1.066250000000000142e+01 4.498484848484848087e+00
6.043750000000000178e+00 2.687096774193547866e+00
7.189583333333334103e+00 3.336507936507936201e+00
7.758333333333332860e+00 4.527118644067797071e+00
1.141249999999999964e+01 3.658024691358022107e+00
1.226458333333333428e+01 6.451562499999997868e+00
1.132708333333333428e+01 3.694366197183097889e+00
1.265000000000000036e+01 6.806249999999997691e+00
8.797916666666667496e+00 5.177049180327871092e+00
8.437500000000000000e+00 4.398550724637684262e+00
9.860416666666667496e+00 3.820289855072465102e+00
