6.733351855194958269e+00 2.572045007399748506e+00
6.677444393605952655e+00 3.064654557082809205e+00
5.934582198096282291e+00 2.661587819982270453e+00
4.608398644170311975e+00 1.894793288407135234e+00
4.271195139377555350e+00 1.965361225397001421e+00
3.621924568101491104e+00 1.549481780339862835e+00
3.590651594953776282e+00 2.159421333042546465e+00
3.117665151855821382e+00 1.567911514335778467e+00
3.073318324730180962e+00 1.831069809965101047e+00
3.853432296642279820e+00 2.160576762057515143e+00
2.834617371946517750e+00 1.376263518211948478e+00
2.291289918439698869e+00 1.102464381672953575e+00
2.955124597931193531e+00 1.923483408111586579e+00
3.473582814894044191e+00 1.622390089819721437e+00
3.647496936640352683e+00 1.312658341799066264e+00
5.367231072279625259e+00 2.605306680758647353e+00
5.188445400939142971e+00 2.012242371844240818e+00
5.737028793218732936e+00 2.523582352737099299e+00
5.573238099538975199e+00 2.032349294383384741e+00
5.767332464697292771e+00 1.705650066681992705e+00
6.145981671954267256e+00 2.393236301369018104e+00
6.697321218804685117e+00 2.510124890332443126e+00
8.702489970931161167e+00 3.133141375608719414e+00
7.260247781052593830e+00 2.156315794286232546e+00
6.147792445783121451e+00 2.242244503655146826e+00
8.876177072430239789e+00 2.651197146016551986e+00
8.188273673117409501e+00 3.213151510204240058e+00
8.618493697289730804e+00 3.981817688306105385e+00
1.127993938170965293e+01 3.051667806907685687e+00
1.636809957996601028e+01 8.165148759938086087e+00
1.208750062206822484e+01 3.723839664085479839e+00
1.246590857454148882e+01 5.072638946405509941e+00
8.585307597084707254e+00 2.829341103127688939e+00
9.555971880015603048e+00 3.754130796287475924e+00
5.435037921165590369e+00 2.455722644602677640e+00
6.079167589537775029e+00 2.597655175238222647e+00
6.191585485938236211e+00 1.692638139679779385e+00
4.855594252511227893e+00 1.701374325772524898e+00
4.165415584620178358e+00 1.929110709206225405e+00
4.785625007934749320e+00 1.699338791007041660e+00
5.420749984027089852e+00 1.683584352199736234e+00
8.305765334405217359e+00 4.223470905766150807e+00
6.166876305517004830e+00 2.522386406161198913e+00
7.609255163559287105e+00 3.439863467633740512e+00
6.828274901124168572e+00 2.831251227206648569e+00
7.096098661425791931e+00 3.224052972742095680e+00
7.706919303119328823e+00 3.352084787894980433e+00
6.745556052285015092e+00 2.039511717510023914e+00
4.411012701259047653e+00 1.971127566681496246e+00
5.127817321196505240e+00 2.864312995094461911e+00
5.668476389637067570e+00 2.451951970734799424e+00
6.414077627469296772e+00 2.642403602880100344e+00
5.317440964960373329e+00 1.888878931328081379e+00
7.006890024258353833e+00 2.726620377130950068e+00
7.301631650229830406e+00 2.769451503864623021e+00
4.227924684665944177e+00 1.828446766245412913e+00
4.410980826695301005e+00 1.870526969158674557e+00
6.582212172120327942e+00 3.027677490231894808e+00
6.418346854681622027e+00 3.984197684387175808e+00
6.684582188038768358e+00 3.372740616577367234e+00
7.081961523833880001e+00 4.364869618429665366e+00
7.326748246867889058e+00 2.957325030608581873e+00
7.714869363333573204e+00 2.720742781091236129e+00
7.389171965303172662e+00 2.157394733537952636e+00
5.211520692447552783e+00 2.802237433657798871e+00
7.462276677381229462e+00 3.439381727400844024e+00
8.095546122320586235e+00 3.049508196260317661e+00
6.162651076262296357e+00 2.995031731304000466e+00
6.532906997986272835e+00 2.457694296035380699e+00
5.589398600230368608e+00 2.202156465702938437e+00
5.555311182889006716e+00 2.375505877105586805e+00
7.440190899355111576e+00 4.429896515289844849e+00
8.433411410057628288e+00 2.733273067098645814e+00
9.344853698070055614e+00 3.960435271559776371e+00
5.453351930406419967e+00 2.454940051322475725e+00
7.799536091659827974e+00 1.927775645663736270e+00
7.934241535286354896e+00 2.303593351167398939e+00
7.134136115794279753e+00 2.211149809223424523e+00
5.578278221252102043e+00 1.762229754462207199e+00
5.410477035696334980e+00 1.655465980524861935e+00
4.024992718946305281e+00 1.768623432444779597e+00
3.525253480358823577e+00 1.660666890346538693e+00
3.735066542885808527e+00 1.775578180592460198e+00
3.797848735125407327e+00 1.529975922137322586e+00
3.786699961325912245e+00 1.369343237683126269e+00
3.389777157261113505e+00 1.497991015988053398e+00
6.009933133040219921e+00 3.077243229042042394e+00
4.902492854930234678e+00 1.677132875839181914e+00
4.870090972355360925e+00 1.714477275387350952e+00
5.590239960420721133e+00 2.136516495337154709e+00
4.644310184557856047e+00 1.085481249398961179e+00
5.772734889600371844e+00 9.942125159038276427e-01
6.211401599574507770e+00 1.215964591972194198e+00
6.015258683245740201e+00 1.517873395998142305e+00
5.059396047952153808e+00 1.807135274207797737e+00
6.177621409150288123e+00 2.486190229193157464e+00
5.211528378632985792e+00 2.058634923212057100e+00
4.112294046233906819e+00 1.943128564073715703e+00
3.488878126883951492e+00 1.953315906807045588e+00
4.297345902260109263e+00 2.103801376927790123e+00
4.169520177709496345e+00 2.438193794984007123e+00
4.410061242871814891e+00 2.488257398853551017e+00
4.373322827457721829e+00 1.993517282929420764e+00
6.978913893415851000e+00 2.662202227567282087e+00
7.518744762390807246e+00 2.750989927428617143e+00
6.659212468723828771e+00 2.863687917693764629e+00
6.371866932559996144e+00 2.606479141808418554e+00
7.677133590988073131e+00 2.810065304400607644e+00
7.603554153820559769e+00 3.089560463770248955e+00
6.968084017067847746e+00 2.687432929742212373e+00
6.790240782241322215e+00 2.834683999142809441e+00
7.161895116553416152e+00 2.574292836767619441e+00
8.142646299905837992e+00 2.378380760839617913e+00
7.961369727689747045e+00 3.618105638696006654e+00
6.859399634616242025e+00 1.909947474975799198e+00
4.945989215492575752e+00 1.955921921977711531e+00
3.403117236643736998e+00 1.430084935266090040e+00
5.048680397403708220e+00 1.900880593754768144e+00
4.046655990641153444e+00 1.090815188957296344e+00
3.046115759602642470e+00 1.297530482154600540e+00
2.907937271877990781e+00 1.490205605022104196e+00
3.940301909617556220e+00 1.860044044126446083e+00
2.860268635423841133e+00 1.254493472326382308e+00
2.816649266133097740e+00 1.188045525358153220e+00
3.357413396487950674e+00 1.347574850036461269e+00
4.631256392380284304e+00 2.385881667688261043e+00
2.994596023825395026e+00 1.162113650345321103e+00
2.946986699456853653e+00 1.515344861635941065e+00
3.131594606024569405e+00 1.190027176955160471e+00
4.069074619474039700e+00 1.430024866225298785e+00
4.013219234527478640e+00 1.081782868699090683e+00
3.374037609167528373e+00 1.152761998386445663e+00
2.918352699820654816e+00 1.151783782009249135e+00
3.526453219960111074e+00 1.677206486049767520e+00
4.895654868617467237e+00 2.005372389651743248e+00
4.217767685455897642e+00 2.111603591930517609e+00
4.012638152719845586e+00 1.555736295832048643e+00
4.723313684035308491e+00 2.566539817523919798e+00
4.632445235848379639e+00 1.604951767579506861e+00
4.729133772396244773e+00 1.604824066887028389e+00
6.297942826387223469e+00 1.969050180239084513e+00
4.626556079085378137e+00 1.677267647679963947e+00
4.828899265073546054e+00 1.800555377221855213e+00
5.446738335988018598e+00 1.609855143229687924e+00
5.996661781553087600e+00 2.214267811087703208e+00
6.185108910708360774e+00 3.079146065411951572e+00
4.756931839276282936e+00 2.630941996329822619e+00
4.692151187311417004e+00 2.099157761027944602e+00
5.817530782153916391e+00 2.408213359991255853e+00
7.418085156574380612e+00 3.492692071573894275e+00
7.130051065947271560e+00 2.673445080113329819e+00
6.215112257915247795e+00 2.714480457170028949e+00
6.935439181887741000e+00 3.082177641241466315e+00
6.441679596724456225e+00 2.439424459681927448e+00
7.332688219244690053e+00 2.698637276495922777e+00
6.703550681510223264e+00 2.917330754045302843e+00
5.903435369182575165e+00 3.126232404450211444e+00
3.801132475298439228e+00 1.581627728679121825e+00
4.335236201143660928e+00 2.050534562570676123e+00
4.276048688838617551e+00 2.701446017431416102e+00
4.354292330221780638e+00 1.705997950674055463e+00
4.599016490126424550e+00 1.610512305568044589e+00
3.954395321569078359e+00 1.534413490525189827e+00
5.609392990306971249e+00 2.134421091499695056e+00
4.701476821268936845e+00 2.334470750820026197e+00
6.884148771428020730e+00 1.754141871320715973e+00
7.377508291032722099e+00 2.323144743767376230e+00
7.409006928892345911e+00 2.514760546978339395e+00
9.854000035858955897e+00 3.542123846085492023e+00
6.759197903982367528e+00 2.250273577160592620e+00
6.750106003154297873e+00 2.722643025081102675e+00
9.146389600838329415e+00 3.081703510758243780e+00
7.929116759104527290e+00 1.999719288419842700e+00
7.855112214505505897e+00 2.128367748307286700e+00
6.607772310682840100e+00 2.249976780539712617e+00
7.948924162038117025e+00 3.026499807771859007e+00
1.149779148636463511e+01 3.966131638329003284e+00
1.203718234750865257e+01 2.645113311076275675e+00
1.257815255104172714e+01 3.024357318422053797e+00
1.003427772996300327e+01 3.942399260597185595e+00
9.687094922305647060e+00 4.580643013976886557e+00
8.112635914214413546e+00 3.697429282304493192e+00
5.868020375920949938e+00 2.513636833395354486e+00
5.698219562651853920e+00 2.474832050506965420e+00
6.361773859210013704e+00 3.048552831191317036e+00
6.320220885830465818e+00 2.682027287339089128e+00
6.419698486304715068e+00 2.507673219732963421e+00
5.193606489729716280e+00 1.847582829379881941e+00
4.006051596753054334e+00 1.768018664280539554e+00
6.646664944453111623e+00 3.210263823209773992e+00
5.606430803330844093e+00 1.857326607284524478e+00
6.719260414652846514e+00 2.922877745927568771e+00
6.541851318590719444e+00 2.786100370990202357e+00
5.882606300267478439e+00 2.060097522422324801e+00
9.618574584753480039e+00 2.134120598160252236e+00
7.058258650784517307e+00 1.777802980160719137e+00
8.872674559426579677e+00 3.216831293205225872e+00
5.134239219903862228e+00 1.838449802703600922e+00
5.838199434671618171e+00 2.033254924743222780e+00
4.270141942338665508e+00 2.416402761092972362e+00
5.741717416966114484e+00 2.694470722309626254e+00
6.737064577956793698e+00 2.082305342255727609e+00
5.922011464029040440e+00 2.327437429405797786e+00
6.376442281424495206e+00 2.925018736302693600e+00
5.560082886906908328e+00 2.777756813803520686e+00
5.746010990726844625e+00 1.923433422970832751e+00
6.962386182739442653e+00 2.673919030980723921e+00
6.895031110296506505e+00 3.244839709045594489e+00
6.276766923163677347e+00 2.682595643957152554e+00
7.043482338096258566e+00 3.063014820002193161e+00
7.968206742558322730e+00 2.656571392826305722e+00
6.139810966676286341e+00 3.028539190609335741e+00
7.157054839709314109e+00 2.655645988922264777e+00
6.316577535443646418e+00 3.095572316661711731e+00
5.210168084227276175e+00 2.587249025100530897e+00
5.968987386978557907e+00 2.415711206222277418e+00
4.448683828562534082e+00 1.894446426924787152e+00
3.835371869776260212e+00 1.522100481660883853e+00
4.485293533362956886e+00 1.562872462151229103e+00
3.373716579505789070e+00 1.213361395879289040e+00
3.602929315117005871e+00 1.349907674788375811e+00
3.409301896629806095e+00 1.797077733410952005e+00
4.472011066701189641e+00 2.031069782242837185e+00
5.688362022639737781e+00 2.208982155787210022e+00
5.427775065965558809e+00 2.283335946263225225e+00
7.814175642659196619e+00 4.384247296565973784e+00
7.114534959427012417e+00 2.977100628966216078e+00
8.286067217795675788e+00 5.505356810602432205e+00
8.181783297766410001e+00 3.309839619543191169e+00
6.181144066672075610e+00 2.883455673296216659e+00
5.360132041400821556e+00 1.984587086233588149e+00
5.048013131244292850e+00 2.342724521841960783e+00
5.407343224107598267e+00 2.411810765609616602e+00
4.240649213176693522e+00 2.223000171948508630e+00
5.368712420960776832e+00 2.257489536824376142e+00
7.405301737299901710e+00 3.110665885845040890e+00
5.922843451644371093e+00 2.439446970083186450e+00
5.174923944625335004e+00 2.210321522587217036e+00
5.000590040543059445e+00 1.766274571723589260e+00
4.903578666647548268e+00 2.345751838914758025e+00
5.888275181299587935e+00 2.030084318090432216e+00
5.769193372798711472e+00 1.983496627961067071e+00
4.975746373783654697e+00 2.846924338234212648e+00
4.588097474678112242e+00 3.058896998656629229e+00
4.920024488351761427e+00 2.371310716252027717e+00
5.256942672404268713e+00 2.031731391501768957e+00
5.520821151050459896e+00 2.091543227580518582e+00
1.069830250877124911e+01 5.510623309373617218e+00
1.337170807938456285e+01 9.323117275557089911e+00
1.163475483972557889e+01 5.306688278343380638e+00
6.593152007954469873e+00 3.325128875767109360e+00
7.111791326934437052e+00 3.228423355288607688e+00
7.193160333913009019e+00 2.755168434737274907e+00
7.813164211420875915e+00 2.772339364367188530e+00
9.832524858513258081e+00 5.031683378577882948e+00
7.697971683830910017e+00 3.613852376045031178e+00
7.370312109200805928e+00 3.066041185916369649e+00
1.089872757459886010e+01 3.806062429848576123e+00
9.169405369261433236e+00 2.722377063864528601e+00
7.937499385148371722e+00 3.997674617570105227e+00
6.723428858914135553e+00 3.545953173284334348e+00
9.412224110307166214e+00 2.815421393044358123e+00
1.246146631872832700e+01 6.373383893574000147e+00
1.575112298327511873e+01 7.801575698025100536e+00
1.933912092136045047e+01 7.508121367032500437e+00
1.965396650971934278e+01 3.845788732705006652e+00
1.916126377568522798e+01 4.172868873350211061e+00
1.307306913924157676e+01 5.881053364052457155e+00
1.157536558358756906e+01 5.791860263817967258e+00
1.056390168004318930e+01 2.637814349491017119e+00
1.051293866504999919e+01 3.112260160329868519e+00
9.991538047681519430e+00 2.775317010233791848e+00
9.659039090207302891e+00 2.684117305953057642e+00
7.810532271725512565e+00 2.737067778543305074e+00
8.709378598237394797e+00 2.545127125705232363e+00
7.836463978944730790e+00 4.435829735919866401e+00
6.549986988814442412e+00 2.091712032711849467e+00
5.868285188060951896e+00 2.207476709047027530e+00
5.657692781331109977e+00 2.726466136232532644e+00
8.165437756839883932e+00 3.161168954944485243e+00
8.501643257947931076e+00 3.129256994932246183e+00
6.933634330774773424e+00 2.726623722867995703e+00
7.726450390424933978e+00 3.143498254424424321e+00
9.167679013939547872e+00 3.057119752116041589e+00
7.783160964647652058e+00 3.073856782214813066e+00
6.291521895155060662e+00 2.860844037391678807e+00
4.919915163562468940e+00 2.366008348370062908e+00
5.069489870136083098e+00 1.880148613888146247e+00
7.070453795937036823e+00 2.436254690700702330e+00
7.648328619636591164e+00 3.109013985564987870e+00
7.018828778333591423e+00 2.923668732192044928e+00
6.734626700861724657e+00 2.295931015801493391e+00
6.197970888475413886e+00 2.476405669140778532e+00
6.464741112123654432e+00 2.305044963023369586e+00
5.641448203755721202e+00 2.490440920871180186e+00
5.082516451190150164e+00 2.430816572393072139e+00
3.590303385831541849e+00 1.760270739877056068e+00
3.482502421508936852e+00 1.132600399557677662e+00
5.177979509733677155e+00 2.188588468160067801e+00
4.949603026913195869e+00 2.075467829419266330e+00
4.747817932876942315e+00 1.974879017156617955e+00
5.230425660812345612e+00 1.866709688193812555e+00
4.074283989834516895e+00 1.257036720875118530e+00
4.434283590439991762e+00 1.498876851142561861e+00
6.095246103700001861e+00 1.939287495298628983e+00
5.432945393888964247e+00 2.083904962302142394e+00
4.420571948129940587e+00 2.362461069681998982e+00
5.363154332712242400e+00 2.364697981393458104e+00
6.572666598127916870e+00 2.439524669034080162e+00
7.083032061383440769e+00 2.713894852357192189e+00
8.089701250232501195e+00 3.352537474615202129e+00
7.411939335741841717e+00 3.569986973097498684e+00
8.496937759599427764e+00 2.777764062243992083e+00
9.948545514676132129e+00 3.804805487147372212e+00
1.040624769662969840e+01 4.061805965716906996e+00
8.903157475864738046e+00 3.111136167829278598e+00
9.959656648300404314e+00 4.867430839830489298e+00
8.056841747220863326e+00 3.663395842375963163e+00
7.667369754859954867e+00 3.912960366983513349e+00
8.141079007199033768e+00 3.233538973792476678e+00
8.271483311305248165e+00 4.081495991520661448e+00
9.107170388858952137e+00 4.011390979094931808e+00
8.783784641933996440e+00 4.693891380364284771e+00
8.536164629677307047e+00 3.122243291944729382e+00
7.579707064913477232e+00 2.706886113389372905e+00
5.975058390852744594e+00 2.697611837244088040e+00
9.454859167209226811e+00 2.967174742631911943e+00
5.963496974223837732e+00 2.080039448473681496e+00
6.796792889396559012e+00 1.857436277217191511e+00
6.239502301610204249e+00 1.815657274587921366e+00
6.304764617812462113e+00 1.762349789067477746e+00
5.069254242520656817e+00 1.713902910394305312e+00
4.438130847698734449e+00 1.348416594969148674e+00
4.485620807639192797e+00 1.329012417389638712e+00
3.699443460012521001e+00 1.808042524210451640e+00
4.351101415898169122e+00 1.674589684995615668e+00
4.618111380373750130e+00 1.539301564711022641e+00
4.046616411476699149e+00 1.661677164725058997e+00
3.399436963462406425e+00 1.798067232392056347e+00
3.239189457068796241e+00 1.401696342696854725e+00
4.161256953618664767e+00 1.504766431789639425e+00
4.806221830284214569e+00 1.674298160170985872e+00
4.554755526855004177e+00 1.626497475612307175e+00
4.312996275213909492e+00 1.618277574265581054e+00
4.557529441695799655e+00 2.302588225423239709e+00
4.140808009680980284e+00 2.074098991691727178e+00
5.501014252269817995e+00 2.485749623772460559e+00
6.621792837175682678e+00 2.709919756986646444e+00
6.450906339241487153e+00 2.535032701363807650e+00
6.816296342250563356e+00 2.728583025856452515e+00
8.124907727209885522e+00 3.477449976666432629e+00
1.067982885651171721e+01 3.624068771511376852e+00
8.848480956889497762e+00 3.160474357175248272e+00
7.203427410204059633e+00 2.514835205821857489e+00
8.199424635474835910e+00 3.665243786308499008e+00
7.251744622045201538e+00 3.295523657656988625e+00
9.991301677460594277e+00 3.440013090122684414e+00
8.970841853154896128e+00 2.357309589857448984e+00
8.156366458296510302e+00 2.905475809338402549e+00
9.545317423919488675e+00 3.923526679735784395e+00
8.656650742455772374e+00 3.006529834971963133e+00
8.114016618848447493e+00 2.799426231780939744e+00
6.989850716070439951e+00 3.064861866511878308e+00
5.379570089291617840e+00 1.954643885980518414e+00
5.585170210944647273e+00 2.110410124739261928e+00
6.339026634143119843e+00 2.181983275243395415e+00
6.814868699404905250e+00 3.405735254032646875e+00
5.268821227174542265e+00 2.197170177828169813e+00
5.781761475511031811e+00 2.496659203568927676e+00
7.535300476032925410e+00 3.221426789125947820e+00
6.318825640374792663e+00 3.164917356380068547e+00
5.374046095743359786e+00 2.268763603990208821e+00
5.027867427439526082e+00 2.185843803631698279e+00
4.539004294487461344e+00 2.527876366391252461e+00
4.709820811659843898e+00 1.986302645927665811e+00
4.053905843537491727e+00 1.834156252008344534e+00
3.468668586269090692e+00 1.582979353866311278e+00
3.617437203700718751e+00 1.685623012516304531e+00
3.101536155207842871e+00 1.291930974256588982e+00
4.276535070508021619e+00 1.373588509036053340e+00
3.685958202305263054e+00 1.338601372193851224e+00
2.511015345290824818e+00 1.274428765213374115e+00
3.089039962618142621e+00 1.225877751290068929e+00
3.246300781469274366e+00 1.539441707329477271e+00
3.580537497847751993e+00 2.098320136126134994e+00
5.168378006079863418e+00 3.347539586213492679e+00
3.900704278434845573e+00 1.831570889541972225e+00
3.723390919140169952e+00 1.746575638471117076e+00
4.731646372897859720e+00 2.305832342746597430e+00
3.813902779865779191e+00 1.479258101235607414e+00
5.171676660447455554e+00 2.579738612719251201e+00
4.129108561267839761e+00 1.717894151957199522e+00
4.843361275828766743e+00 2.388406023803686384e+00
5.640869068882598647e+00 1.692091737499844095e+00
4.211615132841258990e+00 1.160448675643643623e+00
5.413712769232875921e+00 1.405880070042795138e+00
5.640593106222856257e+00 1.397646798463964446e+00
6.568442865115950546e+00 2.251670096344747574e+00
4.604705950680375359e+00 1.047609756367744227e+00
3.689116912050168562e+00 1.298278421161532803e+00
4.603437078432301988e+00 2.154084442342325989e+00
3.948062745938218043e+00 1.690708765792667823e+00
3.925099610561334273e+00 1.779142681972788909e+00
4.541105777449224057e+00 1.785468354754247367e+00
4.564597081503644738e+00 1.616919106870523759e+00
4.690277557465240221e+00 2.192311630110330256e+00
4.198841224261926186e+00 1.780331851955788913e+00
5.149255209256891064e+00 1.970791078520171880e+00
4.779529521145039261e+00 1.787178535722408590e+00
5.477594099644263359e+00 1.571383955511999497e+00
5.094547695307777957e+00 1.537724521305513958e+00
6.027014231559124191e+00 2.323320630967559364e+00
7.318547390141325160e+00 2.857380539814479814e+00
4.422069626570752199e+00 2.221383584729665905e+00
5.556687203998925462e+00 1.948595123145221875e+00
4.826209380313079222e+00 2.062485962747324653e+00
5.056206145495962367e+00 2.158274163669241297e+00
6.213609456960791810e+00 2.638341783985961975e+00
6.033741150420188326e+00 1.753312751613128828e+00
6.475057186817923416e+00 2.343392578918742863e+00
7.129556228031582066e+00 2.204248331145399753e+00
7.881450038300461536e+00 2.972484146120108583e+00
7.271552891692242504e+00 4.143672636336472870e+00
8.393523984732501830e+00 3.897002059810415364e+00
1.166866646632360549e+01 3.950936894993732018e+00
1.210504435216609487e+01 3.800509985070807506e+00
1.434795102162932956e+01 5.308288280413413496e+00
6.617961793108713131e+00 3.100059613928670466e+00
6.024118436692781131e+00 3.161929144234288724e+00
5.016861131604953172e+00 2.860010087049146499e+00
