4.025469637895114694e+00 1.481627602665610555e+00
3.633108167150929546e+00 1.498889590762190860e+00
4.002613051091652885e+00 1.727377779616926068e+00
3.523780657324679044e+00 1.317775100651795706e+00
2.611432252074750160e+00 1.442584491204107700e+00
2.326015622806030247e+00 1.094824052607857867e+00
3.372531903260250541e+00 1.604257616330522884e+00
2.971293449806535758e+00 1.433746837412477104e+00
2.898203756786395413e+00 1.657123996568966140e+00
3.971594659363971491e+00 2.128262381973971440e+00
2.979294174351837743e+00 1.437554960068249121e+00
2.526990236204315732e+00 1.280203912914561037e+00
3.195272824827648517e+00 2.172530984775114415e+00
3.808787414955000283e+00 1.913290286866613732e+00
3.976968935732739130e+00 1.462748212155167149e+00
5.358825150208400778e+00 2.221611346549481336e+00
5.000007092823901544e+00 1.990684118396000901e+00
5.321856451518695685e+00 2.188923590768235172e+00
5.252235094167620133e+00 1.839683221719367934e+00
5.088460919949335803e+00 1.640351143981837678e+00
5.561469799367997346e+00 2.382261811347988090e+00
6.107734355630164202e+00 2.555193182928306328e+00
7.440363116601351301e+00 3.314176400850416204e+00
6.547467746802571931e+00 2.054257962004021110e+00
6.838986384830260334e+00 2.934873695446418296e+00
8.059390773244366812e+00 2.678514306938196476e+00
7.847815212744312596e+00 3.245664823361868123e+00
7.546840309630263199e+00 3.459682776064966436e+00
9.011787164865966204e+00 2.549679408043474371e+00
1.259132039663260194e+01 6.116694899289568887e+00
9.682919697491453093e+00 3.187080273275873843e+00
1.009344968207434157e+01 4.259759269598849762e+00
7.483031843014724238e+00 2.204620973328800915e+00
8.966411890934688600e+00 3.703856374808082830e+00
5.411027264471652387e+00 2.630423399716025568e+00
5.123026401284111131e+00 2.495814045519759716e+00
5.145174600546321919e+00 1.801795019223839445e+00
5.425287715187139703e+00 2.016664501472694049e+00
3.775539707908470266e+00 1.976171957924145461e+00
4.790844463044440005e+00 1.789629531207210578e+00
5.450289230619328684e+00 1.626392113444207199e+00
7.433547622225952445e+00 3.587816604843761414e+00
4.163955791505847159e+00 1.874479343778822749e+00
5.098955814765702144e+00 2.298377519478226993e+00
5.501302300274538482e+00 2.365380468331798269e+00
5.463169917954934895e+00 2.068935134127810826e+00
4.263751999825509564e+00 1.695374638766377284e+00
3.341830466748712869e+00 1.241582262204691256e+00
3.074265273480976557e+00 1.936740488328154042e+00
2.826850241379067707e+00 1.525418799185080498e+00
3.658282288530608994e+00 1.589348695134290113e+00
4.883437222803618916e+00 1.857458715279646455e+00
4.220843789622085396e+00 2.185494126061180875e+00
7.069838229468625279e+00 3.118955028443128885e+00
6.708605768679589687e+00 3.029268136575458570e+00
5.612844079003465936e+00 2.517239026506345567e+00
4.890828275328864549e+00 2.709683485796925861e+00
6.847691482993572443e+00 3.733652288669346397e+00
7.792285405722874536e+00 3.573485660822893983e+00
6.780431151643895760e+00 3.535349935825604195e+00
5.862077600903152330e+00 3.169010141027762018e+00
6.636889181766783885e+00 2.918616033672278842e+00
7.302405036704352703e+00 2.750811630198354951e+00
7.387596589697160709e+00 2.216382714389977249e+00
5.632774646285461984e+00 2.962587244578269718e+00
7.356859905238096076e+00 3.644854648547506848e+00
8.150063524151709871e+00 3.148813148769956438e+00
6.708846723600032647e+00 2.779742555367211043e+00
7.557159527881178285e+00 2.739558361389768049e+00
6.445425426893468313e+00 2.370024047024565483e+00
5.271714911529787884e+00 2.385196371143323280e+00
5.636287127791775653e+00 2.720503686500653995e+00
7.810934321212012144e+00 2.725270338638221546e+00
8.133229625762256276e+00 3.635279573681320819e+00
4.686698113114161401e+00 1.454852915486886333e+00
4.942026766944242588e+00 1.428119984706801349e+00
4.777040943437786069e+00 1.434764700269940629e+00
5.053241960203876282e+00 2.471478977727640469e+00
3.939877676215070235e+00 1.372724016248590750e+00
3.659667326410642740e+00 1.855717569879326678e+00
2.919659078892169912e+00 1.181547458498230396e+00
3.324721452459498128e+00 1.454148711846837028e+00
4.187757354283461630e+00 1.727684180233869826e+00
3.631900688332843075e+00 1.554246439335410068e+00
3.397939193019029247e+00 9.977500882600605081e-01
2.850114149452549039e+00 1.169114637547939761e+00
4.966983690977737176e+00 2.833530236832463078e+00
4.079180738049174693e+00 1.493928159099682018e+00
4.343265038144761725e+00 1.392631144751238725e+00
4.640872281698961821e+00 1.481930213810820351e+00
4.158525890785180756e+00 1.417550080531199130e+00
5.217758050219696742e+00 1.180531183736563294e+00
5.567712280348658282e+00 1.127473544005095807e+00
5.334860630524485892e+00 1.391771423360641524e+00
4.041199535829588463e+00 1.713075550578407880e+00
4.839764882846092853e+00 2.154332760544285019e+00
4.376313466950295883e+00 2.018449611743707184e+00
3.319001215174355313e+00 1.706426309646020378e+00
2.539176594776996865e+00 1.381678544856248081e+00
3.561035415584985042e+00 1.748608081640340428e+00
3.413565225592181562e+00 1.488744885200115942e+00
3.681946897416844333e+00 1.908010595095263273e+00
3.494679720011447888e+00 1.674602563656089949e+00
5.994111607218221671e+00 2.410221276391750322e+00
6.528880620988172012e+00 2.722954979074711179e+00
6.314391304871645794e+00 2.378403370956548635e+00
5.943816868235497708e+00 2.210215428374108448e+00
6.124020202829218995e+00 2.417116022440848777e+00
6.478513918287913675e+00 2.913440274630284321e+00
5.840910492696406386e+00 2.756095642508100241e+00
5.104535732119739322e+00 2.737100094103290804e+00
5.641389773443495237e+00 2.461164226772539987e+00
7.694529174444372011e+00 2.447111823556827659e+00
7.641217078618962155e+00 3.211835985743226374e+00
6.218698385810206730e+00 2.015884983190157964e+00
4.888840351489143643e+00 2.182899450816556453e+00
4.191117582530135444e+00 1.856145728674178930e+00
4.594912475026686316e+00 1.846367956019909995e+00
3.485146775491418936e+00 1.435167729036283424e+00
2.879546631185880390e+00 1.252110472331710245e+00
2.491739423934968389e+00 1.576083950091260455e+00
3.211281379738276431e+00 1.491763375552351167e+00
2.476869559252719899e+00 1.233829748671076088e+00
2.693267120765913347e+00 1.240870646906467423e+00
2.703181467401702065e+00 1.223214091816654747e+00
3.359897211122687910e+00 1.684818171917622065e+00
2.437243541378761424e+00 9.497515325036900435e-01
2.294810514322651596e+00 1.133531111244427070e+00
2.326190803212566660e+00 1.110633435737311769e+00
2.590822079053452853e+00 1.235632799993406472e+00
2.369677058410699200e+00 8.655877283628219399e-01
1.940212941311549200e+00 9.440243776718973967e-01
2.107157038391541892e+00 1.051134710571595354e+00
2.597696633580569792e+00 1.410299605158163549e+00
3.908127979884539638e+00 1.728208298265522025e+00
3.662343290263363027e+00 1.932404675764995305e+00
3.344514257745907937e+00 1.107261196756938348e+00
3.616667412038898188e+00 1.522646021757239954e+00
2.974779171745442596e+00 1.106722142783302054e+00
3.824513721124471743e+00 1.028304226878071326e+00
6.170783277696114233e+00 2.171214521603338721e+00
4.433880451848501991e+00 1.765668672369332670e+00
4.418751385919073016e+00 1.673220454230039955e+00
4.594513963183886496e+00 1.793138122043120841e+00
4.985392860634224377e+00 2.077616050416555282e+00
5.871892686230462566e+00 2.783787314948729108e+00
3.966444164334950173e+00 2.522737244988791261e+00
3.975314051937794080e+00 1.734372793055367179e+00
5.978412773163910288e+00 2.615318378387702758e+00
7.470433614683702928e+00 5.252362283981747204e+00
7.207715396946210440e+00 2.553075665766201485e+00
5.288571900945325588e+00 1.746307826277044839e+00
6.637793910913309503e+00 2.432590898628108622e+00
7.183913804465194453e+00 2.579756230945366102e+00
7.603937044388335842e+00 2.569517233489389874e+00
6.424555087890787775e+00 2.220418106598448293e+00
4.775772220355439579e+00 2.646584796651250571e+00
4.174432535879280870e+00 1.459325306053336213e+00
4.502133467481367113e+00 1.811175604115482951e+00
3.903115155337848918e+00 2.411289683011567764e+00
4.323374300436857887e+00 1.339991082039708070e+00
4.328121270573663359e+00 1.311188773349401870e+00
3.469551505512976863e+00 1.420722610609772785e+00
4.864215164794142510e+00 1.541180190682194917e+00
3.993795422180175247e+00 1.786844298163193345e+00
5.666115058142335847e+00 1.331012787971875166e+00
5.496253604233629630e+00 1.807796189461343239e+00
5.566403043127287731e+00 2.646469227184615747e+00
8.735913458550365718e+00 3.698714949496456406e+00
6.962583104268992962e+00 3.704513722845138801e+00
7.411867113145646613e+00 3.666096906418277346e+00
9.425662470958600991e+00 3.270024394935222567e+00
8.807869133698305930e+00 2.913946894111321573e+00
7.233418812082144989e+00 3.040312105347352301e+00
6.407594078447085728e+00 2.764838050065494546e+00
1.005239104276511242e+01 3.628193587261944852e+00
8.665085639382548166e+00 3.098425442545108321e+00
8.989741831958605545e+00 2.849124189581532907e+00
9.276300818570591744e+00 2.815259160273902772e+00
7.857255616554199129e+00 2.445645634155012793e+00
7.251719553581797761e+00 3.366074972436090107e+00
6.494348771122980146e+00 3.401333278151134731e+00
5.119325637264814155e+00 2.017017200394898513e+00
4.211538443444881707e+00 1.741134186797545391e+00
3.661177546281022543e+00 1.837738131267626196e+00
4.168061414470776604e+00 1.493638499558510135e+00
4.068015320180150773e+00 1.779248459854499975e+00
3.373686677049185789e+00 1.499337587170569419e+00
3.409664036610855931e+00 1.230589894721805022e+00
4.879289074969174855e+00 2.126582796932554587e+00
3.428523805937334412e+00 1.292966377776322506e+00
6.154611331241313543e+00 3.015600590698121142e+00
5.933378798332404891e+00 2.111931201066085784e+00
6.046941887230000923e+00 1.840299337076962471e+00
7.260008168905168979e+00 2.106917082787052475e+00
3.620567069809046412e+00 1.811233201587463482e+00
6.206815928510111213e+00 2.662799203573342766e+00
4.830780401046907535e+00 1.884515215677448063e+00
5.892381552521238852e+00 1.987416788099463316e+00
4.136612215294706907e+00 2.292694433485804151e+00
5.512898699985808726e+00 2.494500237006123999e+00
6.152157906090446993e+00 2.612996321977298031e+00
5.156632524196992584e+00 2.058874153313250854e+00
5.788731043215733507e+00 2.685235008770550991e+00
4.897461415469464896e+00 2.515852184877759967e+00
5.231883134147707004e+00 1.905838778172840309e+00
6.706242713876410910e+00 2.371105142138319355e+00
6.725968888744610297e+00 3.149146713460672320e+00
6.588948734151448328e+00 3.326390441807181464e+00
7.484039699988042749e+00 3.704316845175768425e+00
6.929865679262067424e+00 2.918473917193516787e+00
7.486309827221384161e+00 3.018726538923102609e+00
7.648206821261141819e+00 2.984266992690030929e+00
6.843253925370901491e+00 3.437728794235066498e+00
5.980380083459067464e+00 2.973639490358385373e+00
7.621188140339337558e+00 2.877943147267834956e+00
5.226667394799448196e+00 2.408116862167005046e+00
4.233186020602661692e+00 1.772205005196962224e+00
4.865751355313744142e+00 2.112095089546237148e+00
3.874790258748095795e+00 1.472115369239100691e+00
4.294599360478493999e+00 1.798366119930821849e+00
4.673637152967596187e+00 2.224312083442641086e+00
5.095316723980214846e+00 2.286585748934105489e+00
6.872182337565075905e+00 3.352571662681999243e+00
6.097587010282445874e+00 2.582310668797335840e+00
7.882745568151913851e+00 3.794854958424981994e+00
7.581437775352124042e+00 3.288485700774085085e+00
9.419917311496053713e+00 5.785733721322392498e+00
8.631706248448294261e+00 3.603121567246873713e+00
6.621670505818525676e+00 3.137249167435796071e+00
5.797257095757497147e+00 2.727979333932532668e+00
4.833722648769173347e+00 2.373841228856686136e+00
5.306720185993776262e+00 2.435123148568509865e+00
4.856523139037771664e+00 2.572232651411317406e+00
5.383038479846789848e+00 2.366453264232417641e+00
7.074103955455263382e+00 3.395203701709379462e+00
5.824355383294776978e+00 2.369968926468651649e+00
6.050007322620413852e+00 2.378615729611235352e+00
5.321843282720015722e+00 2.134925212869883904e+00
5.825200782793998222e+00 2.624411335192148087e+00
6.741575672624480653e+00 2.749019860913560986e+00
6.517461493422023189e+00 1.858938100597394172e+00
5.144254251835413960e+00 2.539150542638211494e+00
5.004295341171859590e+00 3.135020145852002393e+00
5.438543424128556403e+00 2.672388702987011921e+00
6.686266180208888521e+00 2.694867252877103603e+00
6.640808032782373971e+00 2.368680155649181440e+00
1.142397168569736010e+01 5.712259071108046982e+00
1.393536199410223730e+01 9.596097970075369687e+00
1.224095278250840657e+01 5.925134412702666609e+00
7.710046891121682400e+00 2.668210244377181350e+00
7.702743341685717837e+00 2.863393212406464716e+00
7.778029122553586028e+00 2.497346771376097951e+00
8.181514561626988424e+00 2.534067236991121685e+00
1.048746876113183291e+01 4.672930333971896388e+00
7.612042701982318249e+00 4.127315428299375810e+00
7.064823224508498534e+00 3.230650966335733898e+00
9.483111182432358177e+00 3.847131614373049402e+00
7.571052493539440320e+00 3.120261382623663149e+00
5.479799002478384473e+00 2.684123020889602529e+00
7.452272489935452882e+00 3.504052741508967284e+00
7.044080012855588713e+00 2.553122206102390379e+00
1.122964349351535418e+01 7.428881768532050955e+00
1.508803254499554214e+01 1.055531974247158367e+01
1.772656386706334786e+01 7.010593436287137159e+00
1.909080839971582932e+01 4.414941989167062708e+00
1.960723363030403377e+01 3.896273383835121784e+00
1.348403554975814700e+01 4.799675576282295353e+00
1.053521478174088877e+01 4.822243257551496853e+00
7.033089711418564427e+00 2.706457874230854266e+00
5.851054304763724900e+00 2.714699157559203435e+00
4.883812351299410714e+00 2.220128131262946169e+00
5.051502088207716845e+00 1.780869516863489155e+00
4.126553676269530513e+00 1.665496350613750787e+00
4.919744127922174748e+00 1.804222793562331173e+00
3.555606882383528955e+00 1.728013728017463002e+00
4.375714385961421371e+00 1.719925811698388873e+00
4.498734153031040073e+00 2.301334526639926992e+00
3.903136938102013342e+00 2.425570773432101923e+00
6.206230565960723311e+00 3.013787760642208102e+00
6.840357012414315818e+00 2.704376553680504447e+00
6.746447389478997358e+00 2.648036136941911423e+00
5.245948231329813360e+00 2.693605281262119178e+00
5.420834064439376654e+00 2.438058683442879016e+00
4.908938498460059918e+00 2.675710669095689553e+00
4.488509036941915831e+00 1.943986262303416535e+00
3.600900882193601493e+00 1.586872053434156937e+00
3.486700643878963390e+00 1.323634160722087838e+00
3.712992586817365659e+00 1.405308352928362092e+00
4.895783142148887102e+00 2.577763232213406308e+00
4.509812249801917083e+00 2.079146051675508478e+00
3.847186546375576999e+00 1.406188009141531525e+00
3.670157031205468545e+00 1.653406898507016276e+00
3.636970812742958969e+00 1.543755304810624507e+00
3.236858723901763213e+00 1.533631452804921302e+00
4.916982606984586113e+00 2.395551280380571413e+00
3.769239327198400158e+00 1.848154114245157409e+00
3.067757902934145076e+00 1.335306079654133393e+00
4.313636643983151941e+00 2.000461675202367395e+00
3.975743881906383503e+00 1.758304994284924483e+00
4.696898615809566913e+00 2.265238747112844564e+00
4.476811794079732287e+00 1.549174260510238099e+00
4.528181965638307105e+00 1.317116220373527380e+00
3.610097749300007042e+00 1.325041729990952044e+00
4.759354998763233091e+00 1.454186389169515259e+00
4.548877312356751190e+00 1.748278876275481508e+00
4.571349603959396823e+00 2.180381747808011195e+00
5.712621423109546015e+00 2.403484204415185843e+00
5.612921894912942911e+00 2.430209921460930289e+00
6.648901613879108830e+00 2.575194409658723593e+00
8.283734632920966234e+00 3.720387222578198649e+00
7.060380710301763507e+00 3.382841557851071101e+00
7.498204465354567638e+00 2.819571642282066914e+00
9.542710986526943273e+00 3.410348694359283783e+00
9.368787057309665656e+00 3.754663473980039079e+00
6.989130722954771890e+00 2.610054811645796669e+00
8.586053273137130404e+00 4.564074279411664214e+00
7.457901732044459386e+00 3.695150294076249509e+00
7.645063153353646612e+00 3.727448429741853531e+00
7.512976002344142756e+00 2.742599306038250973e+00
6.358880083827298968e+00 3.838555677673710864e+00
8.096383042877677738e+00 3.735375443189803857e+00
8.342105992588614072e+00 4.340680442210420154e+00
7.642651070640625655e+00 2.983657521225854037e+00
6.022985186652416445e+00 2.495569270031987141e+00
6.169161707973208841e+00 3.043131784814953722e+00
7.110175231516296712e+00 2.524995570180493587e+00
4.356448720291007604e+00 2.313431355654475663e+00
5.483944783126628586e+00 2.310561789784572717e+00
4.194173617585257752e+00 1.750450656879136480e+00
3.755439942143349086e+00 1.431976629668897383e+00
4.298359748528343793e+00 1.868064933590054322e+00
4.402881738508074072e+00 1.177471762580430292e+00
4.892010564563919139e+00 1.380824210799885154e+00
4.458780595931300716e+00 1.618023681565672778e+00
4.498342743574260894e+00 1.632347003841724931e+00
4.989138213703235181e+00 1.684785814595273212e+00
4.452989624612997410e+00 1.698624739808497264e+00
3.567943718418116195e+00 1.923387815591070416e+00
4.084008429793303918e+00 1.506977432596253053e+00
4.697820110453576170e+00 1.562830464165049005e+00
5.136501557930149175e+00 1.859756589364659263e+00
4.415658214900786582e+00 1.769117555553000321e+00
4.634778123568668917e+00 1.713350155025637367e+00
5.091133075468783353e+00 2.212563953523235316e+00
4.046520736773872251e+00 1.808192964542597814e+00
5.569993846106061852e+00 2.529244140012338882e+00
6.591179473361797214e+00 2.776235447895642583e+00
6.397016558532463648e+00 2.867487768538514281e+00
6.420562652983306862e+00 2.938431991626440531e+00
7.525160743359131210e+00 3.531362856179670384e+00
8.949467822694835206e+00 3.355223873551993918e+00
7.000461763335647625e+00 2.957915191394650645e+00
6.096947485575564762e+00 2.433446345466820482e+00
5.899242234779414673e+00 3.075515943887013215e+00
5.552108749531380560e+00 3.287708855202517544e+00
7.075225046356441005e+00 2.949347593903853149e+00
6.253853221301354459e+00 2.164549919006184542e+00
6.073113058194955727e+00 2.503613581496856089e+00
7.234596039797222211e+00 3.090943931005460499e+00
6.559892124618987630e+00 2.622642812340591156e+00
6.037271678766597205e+00 2.574875385043738696e+00
5.552936963827285410e+00 2.280739593996703451e+00
4.302123816434309411e+00 1.494600303726066892e+00
5.376189840139336873e+00 2.212265556843698189e+00
5.945908613559552691e+00 2.069633225539268206e+00
5.694518479353273044e+00 3.133214588482580165e+00
4.336724944759409617e+00 2.385457707305663089e+00
5.429244649623949037e+00 2.883647057497650490e+00
6.856019995766298614e+00 3.174354215488883302e+00
5.731330574590766780e+00 2.920206199058144492e+00
5.265458928346465228e+00 2.086087326613406123e+00
5.710954816891629093e+00 2.286725277809058099e+00
4.781970798215624541e+00 2.014876376531969271e+00
5.029433723905907705e+00 2.230230344443416168e+00
2.905807993053194593e+00 1.456356676536301853e+00
3.239217724209914717e+00 1.459845068275995805e+00
2.947977895582460039e+00 1.439454097333894511e+00
2.878204654715617039e+00 1.206208334194733833e+00
3.276186773969705257e+00 1.128948905878056852e+00
2.757395614125856209e+00 8.350548873757881463e-01
2.898950286254561082e+00 1.093742206803937522e+00
2.489062023953855007e+00 1.082128307185464600e+00
4.062815075115095986e+00 1.703989469281258273e+00
4.093232139392964264e+00 2.130635832480156644e+00
5.776630294981639935e+00 3.218919750873761032e+00
3.877235985511096050e+00 1.811548875003855308e+00
3.322720740503564141e+00 1.427790934669740608e+00
4.643894988543448399e+00 2.492464151577527876e+00
4.316692426662405602e+00 1.418011138074865451e+00
5.188674899459696732e+00 2.578557504200865047e+00
4.004038678326888423e+00 1.535995633673463256e+00
4.617768027238706274e+00 2.291257386063582313e+00
4.943038375130361040e+00 1.598671255141830061e+00
4.345740559798702662e+00 1.368724697762962350e+00
4.749028671942131297e+00 1.277661676542768632e+00
4.136253715207263149e+00 1.216212581207125165e+00
4.462448118090505567e+00 1.538017552995297743e+00
4.611955661834560516e+00 1.323830165769329881e+00
3.481491547429823807e+00 1.384379054850572555e+00
4.605942754445749188e+00 2.157509977765003306e+00
4.113153494294578216e+00 1.808504353566487755e+00
4.673786733818638517e+00 1.984231665313920923e+00
5.177156093105464763e+00 1.791929382987683006e+00
5.578956726303862190e+00 1.747476747453095891e+00
5.688563057522906696e+00 1.781608185327721916e+00
4.322798629214851474e+00 2.266519857752145928e+00
5.847505032746890485e+00 1.946758451735292494e+00
4.815855433156706056e+00 1.712148285455424634e+00
4.824477275446574787e+00 1.614809382670874705e+00
4.534811598660051679e+00 1.500640314621421778e+00
5.821588336093415528e+00 1.918929817120930137e+00
5.981309825861989005e+00 1.928294886300832900e+00
4.366337132980967262e+00 2.278142173259805503e+00
4.968837682729941641e+00 2.019205796975783507e+00
4.331090647275826377e+00 1.821123140715438460e+00
4.576707433684801707e+00 1.755511391900387075e+00
5.683090873727127956e+00 2.254103999080427023e+00
6.121653198713565835e+00 1.824978379974308895e+00
7.710203064195152223e+00 2.937726374842450028e+00
6.092235219491333176e+00 2.131933357703112097e+00
6.792743942092286602e+00 2.646575913900880650e+00
6.470290013126958506e+00 4.226444927876853441e+00
9.052291289112339712e+00 3.418298041639266760e+00
1.108522976219859402e+01 4.288985665096346267e+00
1.129043601188538481e+01 3.383664960555462287e+00
1.306399228263515511e+01 5.164126601881807943e+00
6.852970960193381700e+00 3.594075834613811971e+00
5.923570534772680141e+00 3.205703193719821709e+00
5.363847686011784077e+00 2.391286556770428451e+00
