8
11
13
15
16
16
16
15
13
13
13
16
19
21
23
23
23
22
21
18
15
13
11
10
12
15
15
14
14
14
13
12
13
13
15
15
15
16
18
19
19
18
17
15
13
12
11
12
12
16
17
18
16
15
13
11
10
8
9
11
14
15
16
16
17
18
18
16
13
10
9
7
8
9
10
11
11
10
9
7
5
4
5
9
11
13
15
16
17
18
18
17
12
12
11
13
15
14
17
17
18
17
17
16
18
18
19
21
23
24
26
26
24
20
16
12
9
7
7
7
9
11
11
11
11
15
17
17
16
16
12
10
6
4
3
5
5
5
13
22
17
9
13
19
20
19
21
21
23
28
30
28
25
23
18
15
11
10
10
9
8
5
2
-3
-6
-9
-9
-9
-10
-6
2
14
26
32
36
36
36
36
36
54
53
33
30
30
29
26
24
22
18
17
17
19
18
16
12
8
4
2
0
0
6
14
21
22
19
22
24
27
27
26
25
32
36
37
36
36
37
35
33
31
28
27
26
26
27
29
29
26
21
16
18
24
23
27
30
29
33
39
44
44
42
42
44
44
44
36
33
33
41
46
50
46
43
37
37
33
31
24
21
19
18
19
19
22
24
25
24
22
20
22
26
29
30
31
32
33
32
29
28
24
19
17
14
11
10
8
6
6
7
7
9
9
10
10
10
11
11
14
16
17
22
24
24
23
20
17
14
8
6
7
8
8
8
6
5
7
7
7
5
4
1
1
1
2
4
4
4
3
1
-1
-4
-8
-11
-14
-17
-18
-15
-11
-9
-9
-11
-14
-14
-16
-13
-8
-6
-5
-5
-6
-8
-10
-6
4
6
7
7
7
5
2
-1
3
5
6
8
9
8
6
3
2
2
1
6
11
12
13
13
9
6
5
5
9
13
16
16
22
26
26
26
27
27
25
23
20
19
16
16
17
16
17
18
17
16
14
14
13
14
15
21
25
27
27
28
30
36
41
42
41
39
42
49
49
45
43
42
37
32
28
26
25
25
27
29
29
30
30
28
26
25
23
20
18
16
14
12
10
9
7
5
4
4
3
2
0
-3
-2
-2
-1
2
7
12
14
16
17
14
7
3
-7
-12
-12
-8
-9
-9
-11
-15
-18
-12
-8
-3
4
14
18
18
17
20
26
30
33
33
31
28
28
28
22
22
20
19
16
14
12
11
10
12
12
14
15
18
20
20
17
17
18
18
16
15
15
13
11
10
10
10
7
6
5
5
4
8
13
16
16
16
17
19
21
23
24
23
21
22
24
24
21
18
16
15
16
17
18
17
18
19
19
19
18
18
17
18
17
16
19
22
23
22
20
18
17
15
13
8
5
5
6
9
11
12
13
13
13
13
14
13
16
19
20
21
22
22
22
18
14
11
10
9
6
3
-1
-1
1
3
3
4
6
7
8
8
8
9
10
16
20
23
24
22
19
15
11
9
8
6
3
2
0
-3
-3
-2
-2
-2
-1
-1
-1
-2
2
7
13
17
17
15
11
6
4
3
2
1
-2
-4
-6
-9
-5
-1
3
4
3
3
6
8
12
13
13
11
14
12
19
34
45
51
51
60
69
62
51
49
43
46
50
46
42
34
27
22
15
12
17
17
17
19
19
20
23
33
33
29
30
25
26
25
25
24
20
16
13
13
11
15
23
30
38
54
55
53
46
41
43
43
35
29
28
25
24
25
27
28
26
31
35
35
35
31
30
35
37
37
35
31
29
28
29
29
25
24
21
19
17
22
28
31
35
40
42
38
37
35
34
34
33
31
34
34
33
33
33
32
30
29
28
28
28
30
30
32
37
38
39
37
36
35
33
31
30
29
28
27
29
29
32
32
32
31
29
29
28
31
33
33
34
35
35
35
34
33
32
31
28
27
24
25
26
26
26
27
27
27
23
22
20
19
18
23
25
26
27
28
28
28
26
24
21
20
21
23
23
23
24
24
23
21
19
18
17
15
13
12
12
16
17
17
14
13
15
17
18
17
15
11
7
3
1
0
-3
-4
-2
-2
-4
-4
-5
-4
-2
-1
3
7
10
11
10
10
11
14
14
15
18
23
25
28
29
29
25
22
22
26
29
29
24
20
19
17
16
15
13
9
10
17
19
19
12
10
6
5
10
15
18
19
17
18
18
18
20
32
34
34
27
21
16
14
12
14
18
19
19
17
16
14
12
11
11
11
11
11
11
11
11
11
11
11
11
11
25
33
33
33
33
33
31
31
31
30
29
29
29
30
31
35
38
41
41
40
40
38
37
37
37
39
39
39
40
41
41
42
45
45
44
43
41
41
44
45
45
44
44
43
42
39
36
36
35
35
36
38
38
38
38
40
44
42
40
37
35
31
26
23
22
25
25
23
22
23
21
17
17
16
15
15
13
10
10
8
7
6
12
18
22
26
32
37
36
37
40
45
46
46
45
39
36
30
26
30
38
46
61
69
69
64
58
61
69
78
83
90
95
100
104
105
101
99
98
98
99
104
118
125
135
141
137
133
125
116
116
110
105
101
101
102
104
105
103
104
101
99
101
103
104
105
104
107
108
99
91
89
86
85
84
80
78
82
84
85
87
88
88
86
84
80
76
73
67
62
59
55
55
55
57
60
59
55
61
62
64
69
74
75
74
72
73
70
67
66
66
64
62
59
56
52
49
48
49
52
50
49
46
46
45
43
41
41
42
45
45
44
40
38
38
38
38
37
36
36
36
33
31
27
24
23
23
22
20
18
17
15
13
12
12
14
18
20
20
18
12
6
3
1
0
0
-1
-1
2
1
-5
-9
-4
3
9
6
7
13
21
30
33
41
43
46
44
46
46
45
51
54
58
57
52
49
48
50
52
53
52
51
51
47
44
42
38
36
35
34
35
36
35
35
33
30
30
31
34
33
32
29
28
31
38
53
64
71
71
64
60
59
54
51
47
43
39
37
34
35
41
45
45
40
37
44
56
58
58
65
68
74
70
62
60
63
64
69
81
86
82
92
95
83
85
79
74
74
67
70
83
90
87
87
87
75
73
87
88
81
80
89
92
90
84
84
80
74
72
68
63
62
61
66
72
74
74
72
65
62
58
54
51
53
57
59
59
57
54
52
50
51
52
55
55
49
44
39
34
35
40
43
43
42
40
40
35
33
32
31
31
32
33
33
35
35
34
33
32
30
29
27
25
26
29
33
33
34
34
34
32
31
27
26
31
41
55
64
69
69
67
66
57
53
51
55
55
53
56
56
57
61
63
64
65
71
71
70
70
69
69
70
75
82
85
80
72
71
84
84
69
60
55
60
61
62
61
57
52
45
40
36
31
27
22
20
21
26
33
37
41
42
43
45
48
47
45
51
55
56
55
56
53
51
50
47
43
44
46
46
51
56
57
53
51
51
58
59
55
56
56
57
59
60
64
67
63
61
58
50
44
37
31
26
22
20
22
23
25
26
28
27
28
27
28
28
29
32
36
37
38
39
40
37
32
28
25
23
23
24
24
25
25
24
24
24
26
27
33
44
48
48
43
38
34
33
33
30
29
25
18
13
11
12
14
16
19
20
21
20
22
24
25
27
25
22
17
13
18
24
26
27
30
32
30
29
39
43
43
41
38
37
45
55
58
59
57
64
68
67
64
61
64
75
85
89
90
91
99
99
105
105
95
80
78
81
81
77
75
75
72
68
63
58
54
52
52
57
59
58
57
53
50
45
44
46
49
57
68
72
69
61
67
77
78
75
69
65
68
69
61
53
66
85
96
98
100
99
97
92
92
90
85
79
81
88
94
95
105
113
108
95
88
77
69
63
55
49
46
41
35
30
25
23
23
23
25
28
35
44
51
55
55
52
51
47
46
47
49
50
50
48
46
43
45
50
55
58
60
58
54
54
56
64
65
63
60
57
55
54
55
56
55
53
51
51
52
55
55
62
67
75
78
74
66
60
54
44
36
30
28
28
25
19
17
27
32
35
38
47
50
51
55
76
93
107
117
107
99
93
91
90
93
94
91
83
75
70
65
60
58
57
56
54
52
49
44
42
48
56
62
65
65
64
64
66
69
73
78
79
76
71
67
63
60
60
59
55
51
47
43
40
46
49
48
47
49
51
56
61
65
68
72
71
67
67
66
64
62
59
56
51
50
49
52
51
52
50
52
54
56
55
59
61
60
58
57
56
55
55
54
52
51
49
48
46
43
42
39
40
42
42
42
43
43
43
47
53
58
60
61
62
63
65
66
68
68
68
66
63
63
61
60
59
58
58
58
58
60
62
64
58
58
63
65
65
64
62
60
58
56
56
56
57
53
51
49
47
49
51
54
55
55
53
54
54
52
55
60
64
66
63
58
56
54
53
50
47
44
38
33
30
27
30
31
31
30
26
23
24
29
33
36
38
39
41
50
54
53
58
57
58
57
54
48
43
48
53
51
41
35
32
45
52
57
61
71
78
84
84
80
85
87
81
75
68
60
54
47
41
38
47
58
60
51
41
36
47
56
67
79
88
91
89
83
78
78
77
78
76
72
69
63
60
53
54
61
65
74
73
71
67
65
71
82
91
96
96
90
86
81
79
79
77
75
81
86
84
87
98
107
107
103
97
93
92
88
80
75
71
68
60
57
47
41
37
34
30
31
39
45
50
51
50
50
47
46
43
41
41
43
44
45
46
47
47
44
42
39
38
37
36
37
37
38
39
40
41
41
40
37
36
37
40
41
45
47
46
46
44
42
38
36
35
38
43
47
53
53
47
39
35
30
28
27
28
29
29
29
29
29
26
23
21
22
22
22
21
20
20
19
18
18
16
18
23
24
24
22
21
18
18
17
18
22
26
29
30
31
30
27
24
23
23
21
16
10
7
9
12
13
15
15
12
8
9
12
19
24
25
26
28
28
28
27
26
22
19
14
12
9
8
9
12
12
11
12
13
14
20
22
27
35
43
52
55
55
54
55
57
59
62
61
58
53
45
44
38
37
34
30
27
27
25
25
23
23
28
36
50
58
61
62
61
54
48
47
52
51
46
42
38
34
29
26
26
26
31
37
40
42
42
43
42
44
46
48
49
49
57
64
61
55
50
48
45
43
41
38
34
31
27
31
33
31
32
34
34
36
37
38
38
37
36
35
32
28
24
24
24
24
24
24
24
24
24
24
24
24
24
24
38
38
38
38
38
38
38
38
39
40
40
40
37
37
40
43
42
39
36
34
37
38
38
35
33
31
28
27
25
24
23
24
23
21
20
20
18
18
16
15
16
19
20
21
22
22
20
18
17
15
14
13
12
13
16
18
18
15
12
10
8
7
7
6
6
7
6
8
8
7
6
5
2
0
-1
-3
-2
-1
-1
-3
-6
-8
-7
-11
-12
-8
-3
-3
-8
-12
-14
-15
-15
-14
-14
-14
-14
-14
-14
-12
-12
-9
-7
-4
-2
2
2
2
2
0
0
1
2
1
0
3
9
12
15
16
16
15
17
19
19
19
16
13
10
10
11
15
17
17
16
15
15
14
14
18
27
33
39
39
40
41
42
48
50
50
48
45
45
45
46
46
42
40
37
34
28
25
26
25
23
23
24
24
23
20
16
12
6
3
3
6
5
2
4
10
15
15
14
14
13
12
12
10
8
9
10
10
7
6
6
4
2
1
1
1
0
3
4
6
8
7
8
10
12
12
12
16
24
29
35
35
32
31
23
23
22
21
18
16
11
9
10
10
10
11
9
7
5
3
0
-1
0
1
1
1
3
4
3
2
1
1
0
-1
-3
-2
-2
-1
0
1
4
5
4
-1
-2
-3
-4
-5
-3
2
7
11
12
12
12
9
8
8
9
10
11
15
16
16
17
19
16
22
24
29
32
32
31
33
34
34
34
25
24
22
25
27
26
22
21
29
31
33
34
39
39
33
31
28
28
29
26
25
20
24
28
28
25
17
13
8
1
-2
2
4
5
6
7
7
7
7
7
7
7
7
7
7
25
25
25
25
25
25
25
25
25
22
25
28
30
28
32
36
44
53
62
67
72
74
69
70
70
65
60
56
51
49
45
38
32
28
22
16
12
10
12
13
13
14
13
11
9
9
7
8
9
10
10
9
9
9
9
