0	10.3	10.9	9.9	7.7	7.1	6.8	6.8	8.2	11.8	16.9	21.3	23.5	22.7	21.3	20.7	19.7	18.9	18.4	18	16.7	15.2	14.6	15.1	17.1	20	20.5	17.7	14	10.2	7.8	7.2	8.5	10.7	13.6	16.2	18.1	19.5	20.1	20	19.5	18.4	17.4	16.6	16.9	18.3	19.4	19.4	19.2
0	15.5	16.7	19	22.6	25.4	26	24.3	22.3	19.6	16.3	14	13.7	14.1	13.5	11.8	10.7	11.5	14.2	17.6	19.2	17.6	14.1	10.8	9	9	10	12.6	16.4	20.2	21.9	20.9	19	17.4	16.6	16.8	16.7	16.7	17.4	18.6	18.4	17.5	17.4	18.8	20.5	20.9	19.3	16.6	13.6
0	17.7	16	14.3	12	10.9	11.5	12.4	12.5	12.1	13	15.6	18.5	20.3	20.7	19.7	17	13.6	11.4	10.1	9	8.8	10.4	13.7	16.7	18.4	18.6	17.3	15.5	13.8	12.6	12.5	13.8	16.2	17.7	18	18.7	19.9	21	20.4	18.6	15.9	12.9	10.3	8.7	8	8.1	8.8	10.2
0	21.6	21.4	20.2	20	21.3	22.9	23.1	22.4	19.3	14	8.8	5.8	5.7	6.3	6.5	7.3	9.4	12.7	16.1	19.8	21.2	19.4	16.9	15.3	15.5	17.3	20	21.3	21.5	22.6	23.9	24	22	20.1	17.8	14.8	11.4	8.6	7	6.8	8.1	10.4	13	14.4	14.8	14.8	14.9	14.9
0	12.7	12.5	10.8	6.7	3	2.2	4.1	6.7	10.2	16	20.5	21.8	20.8	21.5	21.4	20.4	18.7	17.5	16.9	16.9	17.1	16.1	15.3	15.7	17.2	17.9	16.5	14.6	12.2	9.9	8	6.9	6.7	7.4	8.6	10.8	14.6	17.8	18.6	17.8	17.3	16.2	14.6	13.5	13.8	15.4	17	17.3
0	14.3	16.5	18.2	22.4	25.7	25.1	22.8	22.7	20.9	17.5	14.6	14	14.4	14.4	13.4	11.8	11.3	12.8	16.3	19.4	19.7	18.2	16.1	13.3	10.7	9.3	10	11.8	14	15.9	17.8	18.7	18	17.2	16.4	15.4	13.9	12.8	12.7	13.2	13.6	13.9	14.2	14.1	13.4	12.8	12.3	11.8
0	13.2	13.4	12.9	10.9	9.6	10.9	12.9	14	15	16.4	17.6	18.3	19.2	21.1	22.6	22.2	18.9	14.7	10.7	8.5	9.1	10.8	11.6	11.7	12.1	12.5	12.2	12.6	13	12.7	11.3	10.1	10	10.7	12	13.3	14.7	15.5	15.5	15.1	13.9	12.2	10.1	8.5	7.9	8.7	10.1	11.5
0	18.6	19.4	19.3	19.7	20.3	20.3	20.2	21.5	21.5	19.1	15.3	11.7	8.8	6.8	6.8	7.6	8.6	9.6	11.5	13.1	13.2	14.1	15.3	15.1	13.2	11.9	12.4	13.7	15.1	15.8	16.3	16.1	15.2	14.1	12.3	10.2	8.2	6.8	6.3	6.7	7.9	9.4	11.8	15.4	19.1	21.8	22.7	22.1
0	12.4	13.9	15.4	14.3	11.7	9.1	6.7	5.5	7.7	12.4	15.4	16.1	16	16.7	17	18.1	18.2	16.9	15	13.3	12.4	11.3	11.3	12.1	13.6	14.4	13.4	11.8	9.9	8.3	6.5	5	5.3	6.9	9	10.5	13	17	21.1	23.9	23.7	21.6	19	16.7	15.8	16.3	17.8	18.6
0	10.2	9.1	10.6	14.5	16.9	16.7	16.4	16.6	15.8	15.4	14.8	13.8	12.4	11.3	10.6	9.6	9.2	9.7	11.4	13.3	13.7	13.1	11.6	10	8.2	6.7	6.5	8.1	10.9	14.3	18.6	22.8	25.1	24	21.8	19.2	17.7	18	19.6	21.2	21	19.9	18.8	17.9	18	19.5	21.8	22.3
0	13.9	14.1	14.1	14.7	15.1	14.4	12.7	11.5	10.9	10.3	10.5	11.5	13.5	15.2	15.4	14.6	12.7	11	9.1	7.1	5.8	5.7	7.5	10.6	14	17	19	19.7	19.5	18.5	16.7	15.2	14.8	15.3	15.6	15.8	16.2	16.5	16.5	17.2	18.6	19.1	17.5	14.9	12.1	10.6	11.4	14.5
0	16.2	14.8	13.7	12.4	11.9	12.2	13.3	14.4	14	12.6	10.6	9.1	7.2	5.2	3.7	3.5	5.2	8.9	13.6	18.2	20.5	19.6	17.6	16	15.3	16.1	17.3	17.8	16.8	15.5	15	15.4	15.9	16	15.6	15.4	14.2	12.5	11.2	10.7	11.2	12.9	15.7	17.7	18.9	18.9	17.9	16.4
0	9.2	10.5	10.5	9.7	8.5	7.5	5.9	4.1	3.5	4.8	8.2	11.9	15.4	19.3	21.9	21.7	20.2	19.2	18.6	18.4	18.1	17.5	16.2	15.1	14.6	15	15.8	16.5	17	16.8	15.2	13	11	9.9	11.1	14	16.5	18.1	18.9	18.7	17.1	15.3	13.4	12.1	11.9	13.6	15.6	16.7
0	7.5	5.7	5.4	6.7	9.6	12.4	15.1	18.9	21.5	21.7	20.5	19.5	18.5	17.5	16.2	15.4	15.6	16.5	17.2	17	16.1	15.9	16.5	17.2	16.4	14.8	13	11.9	12.2	13.9	16.8	19.3	21.2	21.5	20.2	17.6	14.9	13.4	13.6	15.4	17.2	16.9	15.3	14	13.6	14.2	14.6	13.6
0	13.7	17.5	20.2	20.6	19.8	19.4	18.9	17.9	16.5	15.6	16.1	17.2	17.6	17.1	16.5	16.6	17	16.8	15.6	14	12.4	11.3	11.5	12.9	15.1	17.6	19.7	20.9	20.5	18.2	14.8	11.7	10.6	11.5	12.9	14.2	14.6	13.3	11.2	9.8	8.9	7.6	6.3	5.1	4.2	4.5	6.8	10.6
0	17.6	16.7	15.7	15.1	16	17.3	17.2	16.6	16.2	17.1	18.7	19.2	17.1	14.6	12.6	11.2	10.7	11.6	14.7	17.4	18.2	18.2	17.3	14.9	12.3	10.9	11	13	15.6	15.4	12.4	9.7	8.9	10.2	10.8	9.1	5.9	3	2.1	4.5	10.1	14.9	17.3	16.1	13.9	12.3	12.2	14.6
0	15	14.4	14.8	16.9	20.2	20.3	17.6	15	13	12.7	14	15.7	17.2	18.1	18.9	19.4	19.4	18.8	17.2	15.6	14.3	13.9	13.8	13.7	13.2	11.9	10.6	10.1	10.2	10.6	11	10.2	8.8	7.8	7.5	8.6	11.4	13.9	15.5	16	15.9	14.9	14.5	14.7	14.6	13.5	12.3	11
0	15.2	12.7	11.5	11.9	14.1	16.9	19	19.9	20.2	21.1	21.9	20.8	18.5	16.1	14.2	13.1	12.8	12.9	13	12.4	11.3	10.2	9.3	9	9.1	8.5	6.5	4.9	5.4	9	14.3	17.9	18.4	16.3	14.5	12.9	12.3	12.6	14.1	16.4	18.1	18.7	19.1	19.2	18.9	19.3	20.5	21.5
0	24.9	25.3	24.7	24.5	23.7	21.7	18.7	15.8	12.7	9.6	7.6	7.4	8.6	9.5	8.6	7	5.8	5.1	5.1	5.5	5.6	6.3	9.3	13.6	16.7	17.2	17.2	17.2	17.4	17.1	15.8	14	12.1	11.1	12.3	15.2	18.3	20.3	21.9	22.4	21.9	21.3	20.5	18.7	17.3	16	13.1	9.8
0	13.1	10.5	7.6	4.9	3.3	4	7.1	10.1	11.1	10.7	9.5	7.5	6.3	6.5	6.6	6.8	8.5	12.6	16.2	16.4	15.6	15	14.1	13.7	13.5	13.9	14	13.9	12.6	12.8	18	25.4	28.5	26.3	21.9	18.9	16.9	16.4	15	13.4	11.1	8.7	6.5	5.9	7.2	7.8	7.3	5.3
0	11.8	14.7	14.8	14.3	13.4	11.6	10.9	11.3	10.3	7.9	6.9	9.3	14.3	16.9	16.6	15.2	15.6	16.1	16.1	15.3	14.7	16	20.1	23.7	24.6	23.3	22.3	22.1	23.2	24.3	23.4	20.6	17.3	14.4	11.4	8.1	5.9	5.4	6.2	6.9	6.9	5.7	3.5	1.4	0.4	0.4	0.6	2.6
0	15.9	15.9	14.4	11.4	9.9	11	14.3	16.5	14.9	12	11.2	11.6	12.5	11.7	10.8	12	17.6	23.3	26.2	25.7	23	20.7	19.7	22	23.4	22.2	19.9	16.8	13.1	10.3	9.3	9.9	9.5	8.6	7.1	4.4	1.3	-0.8	-0.9	0.4	3.4	7	9.3	10.5	14.8	22.9	29.4	33.4
0	9.4	12	11.4	9.9	11	13.2	15.1	14.6	13	13.2	17.2	22	23.7	22.3	21.6	22.4	25	27.8	26.1	21.5	17.5	14.7	12.9	11.6	10.5	9.7	9	9.7	11.1	10.3	7.2	3.2	0	-1.2	1.4	6.2	8.6	9.7	11.4	16.1	22.2	27.8	30.1	30.6	30.7	27.8	24.1	22.1
0	14.5	14	12.5	13.3	19.9	25.1	25.4	23	21.2	20.6	23.2	27.4	27.2	24.3	21.6	17.9	13.8	10.4	9.5	9.6	10.2	11.1	10.9	9.4	6.6	3	-0.3	-2.1	-1.8	-1.8	-1.8	-0.4	4.2	10	14.7	19.8	27.8	38.8	49.7	58.6	58.6	47.3	37.4	27.1	23.6	24.6	24.1	20.5
0	20.9	18.8	19.4	20.6	26	29.6	27.2	23.4	20.1	16.3	13.4	10.4	9.8	10.7	13.8	15.8	12.5	7.9	3.5	-0.2	-3	-4	-2.5	-1.7	-1.9	-0.9	4.5	13.9	23.6	33.7	42.3	49.6	51.8	47	39.3	30.5	23.1	19.2	18.1	16.2	12.6	8.3	3.7	-0.9	-4.9	-6.9	-7.1	-5
0	27.8	23.9	21.1	17.8	15.3	11.9	9.6	10	13.4	15.5	12.5	8.3	4.2	1.7	0.5	0	-1.7	-3.8	-4.9	-3.2	4.9	16.6	28.1	38.5	44.9	45.2	39.1	33.3	26.5	21.4	18	17.6	17.7	16.3	13.9	12.6	12.5	11.8	10.3	9.3	10.5	14.6	21.8	26.1	26.4	22.3	19.2	16.2
0	8.6	9	12.4	14.8	13	9.7	5.9	2.3	-0.3	-2	-3	-3.1	-0.8	6.2	17.8	31.5	44	51.4	51	44.3	37.9	30.9	26	22.6	21.7	21.9	20.9	17.4	14.1	11.6	10.4	10.5	10.6	12.5	13.9	15.4	14.4	13.5	14.5	15.9	16.5	15.1	13	11.2	9.5	7.8	5.7	5.7
0	-1.3	-4.7	-6.6	-7.2	-7.2	-6.1	-1.7	5.9	14.8	25.3	34.1	42.3	49.7	54.6	52.1	46	38.9	31.9	26.4	21.7	18.7	18.1	18.5	15.7	11.6	7	2.4	-0.9	-0.9	3.4	6.6	6.4	3.7	2.7	5	10.7	15.5	17	15.6	14.1	11.7	9.4	8.5	9.5	11.1	12.1	12.7	14.1
0	-5.5	2	11.5	22.3	31.5	39.8	47.7	53	50.7	45	39.4	34.1	31.1	27.7	24.8	24.9	28.2	27.7	22.3	17.4	13	9.8	8	8.2	8.7	7.5	4.3	1.5	-0.2	-0.8	-0.2	1.8	2.2	1.7	3.1	2.5	-0.3	-0.3	5	12.5	18.2	23.7	26	25.8	25.4	30.1	37.5	41.9
0	44.4	49.6	49.6	44.4	39.5	33	27.3	23.4	21.4	22.9	26.2	24	18.9	16	15	14.8	14.1	14.2	12.5	8.8	5	3.1	2.7	2.2	1.6	0.5	-1.8	-2.7	-1.4	2.4	7.7	11.9	14.3	13.9	14.9	22.4	37.6	50.5	59.5	57.9	50.4	43	35.5	30.5	28	27.3	25.6	23.5
0	46.3	41.3	37.5	35.9	35.4	29.9	23.6	20	17.3	12	7.6	6	5.4	2.7	-0.9	-2.1	-1.8	-1.5	-2.3	-1.2	-0.8	1.4	6.5	9.8	10.4	9.2	11.3	19.1	28.4	38	45.4	46.9	42.9	38.7	34.9	33.4	34.9	37.2	34.7	29.4	23.5	18.3	15	13.5	12.7	10.7	7.1	3.5
0	17.9	14.3	12.6	7	2.2	0.4	0.5	0.4	-1.3	-1.2	0	-1.8	-4.4	-5.8	-5.3	-1.3	4.7	14.6	26.6	37.8	43.9	43.8	43.9	46.1	48.5	46.9	42.8	38.5	36.5	38.8	40.1	35.9	29.8	23.4	16.4	10.5	7.3	7	6.7	4.2	0.8	-2	-2.3	4.5	14.6	22.8	29.2	32.4
0	16.8	16.1	12.1	10	8.7	5.2	1.9	0.4	0.4	0.2	2.9	9.5	15.4	20.7	24.5	29.9	35.5	39.5	39.2	36.2	33.7	32.5	34.2	38	38.7	36.5	35.1	33.4	31.5	28.5	25	20.4	16	12.5	9.5	7.4	7.4	10.7	17.2	22.4	25.1	24.9	24	24.5	29.7	37.9	42.9	43.9
0	-3	-4.6	-4	-3.3	2.1	12	19.5	26.8	32.1	37.8	41.4	42.4	41.4	41.5	43.1	45.3	46.3	46.1	44.2	41.4	36.9	30.7	24.4	19.6	16.9	14.4	11.1	7.2	3.2	-0.8	-3.2	-2.1	5.8	15.4	23.4	29.7	32.1	32.8	34.7	39.5	44.2	47.3	47.3	45.5	43.3	41.5	39	35.2
0	25.8	32.6	35.5	36	34.1	34	36.1	39.1	40.4	41.2	38.5	34	29.3	25.6	22.2	19.2	19	20.6	20.7	17.1	13	9.8	9.1	11	13.4	15.4	18.6	22.7	24.6	24.7	26.3	30.4	36.1	41	43.8	42.4	39.1	35.8	33.3	32.2	31.7	31.8	31.6	29.9	28.3	26.6	23.3	19.3
0	27.6	30.7	34.5	39.3	41.3	37.5	32.7	27.6	23.1	19.9	20.4	22.2	21.4	17.9	15.3	13.4	12.7	13.7	14.3	14.3	15.8	18.8	20.7	21.5	24.2	29.2	35.6	42.1	45.8	43.4	38.4	34.7	33.3	36	38.8	37.6	34.8	32.9	31.1	30.1	27.8	25.2	24.2	26.8	29.8	29.5	26.6	22.7
0	32.1	27.2	23.3	20.5	22.3	24.8	23.5	19.1	15.2	12.2	10.9	11.9	14.5	17.5	20	22.3	23	22.8	24.7	29.6	35.2	41	46.2	46.8	42.1	37.4	34.4	34.7	35.4	34.2	31.2	27.9	25.2	23.7	22.1	19.9	18.7	19.2	20.3	19.6	17.2	15.4	16	18.8	21.6	21.9	21.7	22.9
0	25.3	20.7	17.5	14.6	13.2	12.3	11.8	13	16.7	21.7	24.9	25.1	26.4	29.4	33.8	39.3	43.9	44	40.3	37	34.8	35.6	36.9	36.1	33.1	29.6	25.3	21.4	19.4	18.6	18.3	18	17.7	17.4	16.8	16.9	18	18.1	17.8	18.6	21.7	26.4	30.7	32.5	31.2	29.3	27.2	24.7
0	19.6	20.5	23.4	28.5	32.4	32.7	31.9	32.9	33.5	33.9	35.4	36.7	35.6	33.5	32.1	32.6	33.2	33.1	33	32.8	32	30.8	30.2	30.1	29.9	29	25.7	20.7	15.8	13.6	14.4	15.8	15.3	14.4	14.5	16.1	19.2	21.5	22	22.6	24.5	26.2	26.5	26.5	27	28.1	29.3	28.8
0	29.4	30.4	32.5	34.8	38.9	40.3	37.8	35.2	34.2	35	36.4	36.9	36.1	35	32.6	29	26.5	26.2	27.1	26.4	22.6	17.4	12.7	10.8	12.6	16.8	18.8	18.1	16.3	15.8	16.6	18.5	20.2	22.6	25.5	28.3	29.6	29.6	29.3	29.5	29.2	26.8	23.2	18.7	14.4	10.4	7	4.5
0	39.3	37.1	36.2	37.1	39.1	39.8	38.7	37.6	34.4	28.9	24.1	22	23.4	25.3	23.3	18.6	13.9	11.1	13.3	18.7	20.9	19.7	16.9	14.1	12.6	14.2	18.2	22.2	25.9	29.1	30	28.9	28.3	29	29.1	26.9	23.4	19.1	14.5	10.3	7.1	4.8	3.6	3.1	2.5	1.1	-0.6	-1.9
0	33.1	31.8	30.4	25.6	21.6	19.8	20.7	22.2	21.7	19.6	16.5	14.3	14.2	16.5	19	19.3	17.2	15.3	15.2	17.1	18.9	19.6	20.3	21.9	23.9	25.2	25.5	25.3	24.1	22.4	20.9	19	16.8	13.8	10.2	6.7	3.9	1.4	-1.1	-2.9	-3.5	-3.1	-2.3	-2	-2.8	-4.2	-4.6	-2.9
0	41.6	42.4	38.1	34	29	25.2	22.8	22	18.6	12.4	6.9	4.7	7.7	12.3	12.5	11.6	13.2	16.9	21.5	26.2	29.5	31.1	31	29.3	26.3	23.3	21.1	18.3	14.4	10.6	8.1	6.8	5.7	5	4.2	3.5	4.1	6.1	7.8	7.6	7.2	7.3	7.9	8.5	9.8	11.4	13.2	15
0	18.7	18	15	9.3	4.7	3.5	7.3	11.8	13.3	13.7	15.9	19	22.1	27	30.9	33.4	32.2	30.2	27.4	24.5	22.2	18.9	15.2	12.4	10.7	8.5	5.8	4.9	4.5	3.8	3.6	4.2	5	5.3	5.4	5.7	6.5	7.6	9.7	13.7	18	20.5	20.5	18.8	16.6	14.4	12.5	10.5
0	26.3	30.2	27.9	25.7	24.8	24.2	24.3	26.4	25.7	21.8	18.7	17.9	18.7	17.3	14.8	11.7	9.8	9	9.2	9.6	8.8	9.2	10.8	13.1	14.9	16	16.3	14.5	12.6	12.1	12.7	13.3	13.1	13.9	14.5	14.5	13.4	12.3	10.9	9	7.4	6.4	5.9	5.7	6.3	6.9	6.7	6.3
0	26	28.1	27.4	23.3	20	18.5	18	16.2	13.8	10.7	9.3	9	8.4	7.3	5.7	6.4	9	12.7	15.1	16.2	16.1	14.3	12.7	12.8	14.2	15.3	15.3	15.4	14.8	14.5	14.9	15.4	14.6	12.4	9.5	6.8	5.1	4.2	4	4.4	5.1	6.3	7.3	8.3	8.8	8.5	7.3	5.7
0	30.4	28.2	24.2	19.6	16.5	14.3	12	10.2	7.1	4	3	5.7	9.7	11.4	11.2	10	10.4	12.5	16.3	18.7	18.9	19.4	20.8	22	22.5	22.7	22.2	19.4	15.9	12.5	9.8	8	6.9	6.3	5.2	3.7	2.5	2.3	3.3	4.3	3.5	1.3	-0.3	-0.1	3	7.8	11.7	14.6
0	11.6	9.8	6.8	3.8	3	5.6	9.4	11	10.9	10.3	10.9	12.6	15.3	17.8	19.4	21.3	23.8	24.9	24.4	23.5	22	19.2	15.6	12.3	10	8.5	7.7	7.8	7.6	6.8	5.3	3.9	3	2.8	2.5	1.5	0.8	1.2	2.5	4.6	6.9	9.4	10.8	10.4	8.4	5.9	3.1	1.2
0	10.7	12.3	12.1	11.3	12.2	14.3	16.6	18.1	18.7	19.9	22.3	25.3	26.5	25.7	24.1	21.3	17.8	14.9	12.9	11.5	10.1	9.3	8.8	8.4	7.2	5.4	3.8	3.1	3.5	4	3.5	1.9	0.7	1.9	5.7	10	11.4	9.8	7.5	5.5	3.4	1.9	1.2	2.1	3.5	4.4	3.2	1.1
0	12.5	14.1	15.3	17.3	21	24.3	25.7	25.3	24.3	22.4	19.8	16.9	14.7	13.6	13.3	13.2	12.1	10.7	8.8	6.9	5.7	5.4	4.6	2.8	1	-0.1	-0.1	1.7	4.7	7.4	8.9	8.6	7.3	5.6	4	2.3	1.6	1.7	1.7	0.8	-0.9	-3.2	-5	-6.4	-6.6	-7.9	-9.7	-11.2
0	23.6	23.2	22.6	21.3	19.4	17.1	15.4	14.3	14	14.2	13.5	12.3	10.9	9.5	7.8	5.9	3.4	0.9	-0.4	-0.4	0.4	2.3	4.7	6	6.4	6.7	7	6.1	4.1	2.1	1.4	2.3	4.1	4.6	3.3	0.5	-2.7	-4.8	-5.7	-5.8	-7.4	-10.1	-11.6	-11	-9	-8	-7.7	-6.5
0	12.3	11.3	11.1	11.7	11.5	11	10.2	9.1	7.9	6.8	4.9	2.5	1	0.7	1.9	4.1	5.8	6.8	7.3	7.2	6	3.5	1	-0.8	-0.9	-0.1	-0.8	-2.8	-5.1	-7.6	-9.5	-11.6	-14.2	-16.7	-17	-16.8	-15.9	-14.2	-11.8	-10.1	-5.3	1.8	9	14.5	15.8	14.2	13.4	13.9
0	7.4	6.4	5.7	5	3.7	2.2	1.3	1.4	2.7	5.1	7.2	8.5	8.9	8.7	8.1	6.1	3.1	0.8	-0.5	-1.4	-1.3	-0.2	0.4	-0.6	-2	-4	-6.1	-7.5	-8.8	-9.7	-10.9	-12.7	-13.7	-12.1	-8	-5.3	-3.3	-2.2	-1.4	-0.7	1.1	3.5	7	11.2	16.1	20.8	25.5	29.6
0	4	4.1	5.1	7.2	9.4	10.3	10	9.6	8.6	6.2	3.2	1.1	-0.1	-0.8	-1.5	-1.1	-0.4	-1.1	-2.9	-5.1	-7.1	-9.3	-11.1	-13	-14.7	-15.9	-14.5	-10.4	-6.5	-3.6	-1.2	0.8	3.3	6.4	10.9	15.8	21.9	26.9	30	29.6	28.5	28.1	27.3	24.8	21.8	18	13.3	9.5
0	4.2	4	4.3	2.8	0.9	-0.9	-2.6	-3.3	-3	-1	1.3	0.8	-1.4	-3.2	-4.3	-4.7	-6.1	-8.3	-11.7	-14.1	-14.2	-11.7	-8.7	-8.5	-9.3	-9	-6.6	-2.1	3.1	7.5	14.2	21.8	28.2	31.7	31	28.5	26.3	24.6	21.5	17.4	14.4	11.8	8.9	6	3.9	2.5	1.6	1.9
0	-5.4	-6	-5.1	-2	0.7	1.1	-1.1	-3	-3	-0.3	1.8	0.2	-2.9	-6	-6.8	-4.5	-1.7	-2	-3.5	-4.1	-3.6	0.3	6.6	12.5	18	22.1	24.2	22	18.6	16.4	16.6	17.6	16.1	13.1	9.9	8.2	9.4	12.5	13	9.6	6.2	4.6	7.3	12.9	15.8	17.4	17.7	17.9
0	-16.2	-17.9	-15.7	-9.1	-4.1	-3	-6	-7.8	-5.1	5.5	11.1	10.1	5	2.6	3	8.1	14.3	18.8	22.3	21.6	19.9	16.4	12.1	7.7	4.8	4.3	4.9	3.9	0.5	-2.7	-2.6	-1.5	-1.2	-0.1	1.7	4.3	8.9	14	16.6	16.2	15.3	17.2	20.7	24.7	26.9	27.8	25.6	22.8
0	-16.3	-18	-13.6	-1.7	4.9	6.4	1.6	0.2	2.2	11.4	19.4	25.4	28.1	27.2	26.7	24.1	20.4	16.4	13.5	11	8.1	4.5	0.5	-2.7	-4.2	-4.4	-4.4	-4.4	-4.4	-2.9	0.6	5.9	10.2	12	12.1	14.5	16.7	17.6	18.3	20.7	22.2	21.7	22.1	25.5	32.1	37.4	40.2	38.8
0	-9.1	-10.3	-6.5	4.5	13.4	21.3	26	27.2	27.9	27.3	23.5	18.3	14.9	13.2	11.6	8.3	4.1	1.1	0.5	0.1	-1.9	-3.9	-4.2	-2	1.9	6.1	9	11	13.2	15.4	16.3	16.2	16.4	19	23.9	29.9	37.2	43.9	48	47.1	43.4	38.5	33.1	28.3	23.9	20.2	17.4	15.6
0	12.1	13.8	17.8	19.2	16.8	12.6	10.7	10.6	13.5	16	12.8	8.5	5.7	3.7	3	3.5	3.6	3.3	4.2	5.7	6.6	6.9	8.2	10.5	12.2	14.1	16	19.5	22.7	26.6	32.6	38.9	43.3	42.9	39.7	36.7	33.4	29.9	25.1	20.7	17.6	16.3	15.1	13.1	11.1	10	9.8	10.5
0	-2.2	-2.1	2.2	7.4	7.5	4.6	2.2	1.4	3.5	9.5	12	10.8	9	9.6	11.7	12.3	10.6	9.6	10.1	11.8	12.1	11	10.4	10.1	12.6	19.4	27.5	34.4	40	39.4	33.9	28.5	23.7	21.6	21.5	21.6	20.5	19.7	19.1	18.8	18.8	18.7	17.8	16.3	15.2	15.5	17.9	23.9
0	5.5	5	7	13.1	14.2	11.1	9.2	10.2	12.6	13.2	11.2	10.4	11.9	14	12.6	12.3	13.5	16	19.1	25.2	30.5	32.2	31	30.9	29.4	25.9	22.1	19.5	18.2	18.9	20.9	21.4	19.6	17.9	17.1	16.4	15.5	15.3	16.7	19.2	23.2	28.3	32.3	33.9	34	34.9	37	39
0	4.2	5.4	8.7	9.8	8.1	7.2	7.6	9.1	10	11.8	14.7	17.1	18.6	22.8	29	31.3	30.8	28.9	26.3	22	18.2	15.9	16.3	19.3	22.5	22.4	20.2	18.1	17	16.6	17.2	19.1	21.9	24.1	26.4	30.1	34.1	37.7	41.2	44.6	45.7	42.7	37.7	32.3	29	28.7	30.3	31.2
0	6.6	8.2	10	13.6	18.9	21.7	23.2	27.6	32.3	31.9	30.5	28.7	25.9	22	19	17.3	16.5	16.5	16.6	15.9	14.5	14.4	15.4	15	13.5	13.1	14.5	17.7	22.2	27.5	32	35.1	37.6	41.7	45.4	45.3	40.9	36.1	31.9	30.1	30.2	30.1	27.8	24.2	20.1	16.1	12.5	10.3
0	17.9	22.5	27.9	27.9	26.9	25.6	23.8	20.5	18.7	18.6	18.7	18.3	17.4	15.6	14.1	14.5	16.1	15.3	13	10.8	9.2	8.8	10.6	15.8	21.1	24.9	26.9	27.6	27.4	25.5	23	20.9	21	23.1	25.3	25.1	24	23	21.7	19.7	17.8	16.7	16.7	17	16.5	16	16.2	16.9
0	23.8	20.5	18.6	18.5	18.7	18.3	17.6	16.1	14.9	15.3	16.1	14.3	11.4	8.9	7.5	8	11.5	17.1	20.7	22.3	22.5	24.1	24.6	23.9	21.9	20.3	20.8	23.2	25.6	26.5	25.8	23.5	19.6	15.7	13.1	11.8	11.2	10.9	11.2	11.9	12.8	13.5	14.5	16.7	19.3	20.9	20.8	19.3
0	17.6	16.2	15.1	15.9	17.2	15.2	12.1	9.3	7.2	7.2	11	17.5	21.7	24	23.3	23.9	24.3	24.2	22.3	20.5	19.9	20.8	21.7	21.5	21	20	17.8	15.7	14.4	13.8	13.1	11.3	9.4	8.4	9.3	11.5	13.8	16.1	17.8	18	16.8	15.2	13.8	12.3	10.9	10.4	11	11.3
0	12.1	9.3	7.2	7.1	10.9	17.6	22	24.4	23.7	23.9	23.7	23.6	22.8	22.3	23.2	24.9	24.8	23.6	23.4	23.8	23.1	21.3	19	16.4	14.4	13	12.5	12.5	12.4	12	12.2	13.3	15.2	17.4	18.3	16.8	14.2	11.6	9.3	7.5	6.7	6.8	7.6	8.8	9.6	8.3	4.8	0.3
0	22	24.4	23.7	23.9	23.6	23.3	22	21.1	22.1	25.1	26.8	26.1	25.5	24.4	22.1	20.2	18.8	17.1	15.2	13.6	12.7	12.4	12.7	13.2	13.9	14.8	16	16.8	16.7	16.1	14.1	11.5	9.2	7.6	6.6	6.5	7.9	9	7.6	4.1	-0.3	-4.3	-7.5	-11.1	-15.4	-18.7	-18.8	-11.9
0	22.1	20.9	20.9	23.5	27.2	30.5	33.3	32	27.4	23.2	20.4	18	15.8	14.4	12.8	11.1	11.1	12.8	14.4	14.4	14.7	15.8	17.4	17.7	16.1	13.2	10.4	8.8	9.3	11	12.7	14	12.7	9	4.5	-0.2	-4	-6.9	-8.5	-9.1	-8.7	-7.3	-4.7	-2.2	-0.2	3.1	5.8	5.4
0	34.1	32.6	29.8	27.4	26	23.3	20.2	18.6	17.1	16.1	16.3	17	17.8	18.4	19.6	19.3	17.3	15.1	12.6	10.4	8.7	8	7.7	6.9	6.5	6.7	6.8	4.7	0.9	-2.8	-6.2	-9.2	-12.1	-14.3	-14.8	-12.6	-9.1	-8.3	-7	-1.3	6.2	9	5.5	0.7	-1.2	-1.3	-3.1	-8.6
0	20.1	18.6	17.8	17.9	19.6	19.8	18.5	17.8	18.1	17.7	16.6	14.8	12	8.8	6.8	5.7	5.3	5	5.6	6.3	5.8	3.3	0	-3.4	-6.2	-8.2	-10.5	-12.5	-11.9	-7.8	-2.3	3.2	9.5	14.6	15.8	9.5	1.8	-5.4	-9.4	-10.4	-13.2	-17.1	-20.1	-20.3	-17.6	-13.8	-10.4	-4.9
0	18.6	18	19.1	20.5	21	18.4	14	10	7.2	5.5	5.1	4.9	5.7	7.2	7.5	5.4	1.7	-2.1	-5.4	-7.5	-8.5	-8.4	-7.5	-7.3	-6.4	-3	2.7	8.2	12	11.1	6.4	0.8	-4.6	-9.4	-13.3	-14.6	-10.2	0.1	7.3	11.5	7.3	4.1	4	9.4	14.4	14.4	11.6	9.1
0	20.3	16.1	12.7	10.1	8.6	6.8	5.6	5.6	4.4	0.9	-3.1	-6.4	-8.9	-10.1	-11.2	-11.7	-10.8	-8.3	-3.6	3.4	10.4	14.8	15.3	12	6.9	1.3	-3.5	-7.6	-12.4	-17.7	-23.4	-28.3	-31.5	-33.4	-32.8	-29.3	-21.4	-12.4	-4.4	1.9	6.5	13.4	24.7	36.8	46.9	52.2	51	46.5
0	10.4	10.3	8.7	4.9	0.5	-3.3	-6.4	-8.1	-9.8	-11	-10.1	-7.2	-2	5.4	12.8	18.6	20.2	17.9	14.1	9.1	4	-0.5	-5.1	-9.2	-12.4	-14.3	-15.1	-14.8	-13.5	-11.3	-5.8	2	8.3	11.1	10.6	12.3	19.9	28.4	34.5	36.6	33.8	32	29.4	26.2	23.2	21.9	20.7	18.1
0	0.4	-1.5	-4.2	-6.7	-7.5	-6.7	-3.2	4	10.2	13.5	11.8	9	5.2	0	-4.6	-8.5	-10.3	-11.3	-11.7	-12.7	-14.5	-15.4	-14.8	-12.7	-7.8	0.1	7.3	10.7	9	8.6	15	24.7	30	30.8	27	26.5	28.3	32.6	31.7	28	23.6	20.1	18.7	19.5	19	16	13.1	10.5
0	1.2	8.4	13.7	16.5	14.5	12	8.7	4.1	-1.1	-6.6	-10.4	-13	-14.8	-16.7	-18.2	-17.9	-16.2	-15	-13.1	-7.6	-0.9	4.6	8.5	11.3	16.9	24.2	30.6	33.6	31.8	29.2	27.4	26.9	27.2	26.2	22.6	18.3	15.6	14.6	13.9	12.3	11.2	10.2	8.1	5.8	4.8	6.2	9.7	13.6
0	12.6	8	2.6	-3.2	-7	-10	-12.5	-14.3	-15.5	-15.4	-14.6	-12.6	-8.4	-2.1	3.5	8	11.3	15.2	18.3	18.6	17.4	17.8	20.7	25.1	27.1	26.2	23.8	21.7	18.9	16.4	14.7	14.4	14.7	14.4	13.6	12.1	9.8	7.8	7.6	10.2	13.7	15.1	13.6	11.2	8.9	8	8.9	11.2
0	-14	-16	-16.6	-16.2	-14.4	-10.9	-4.8	1.1	6.3	10.9	13.7	15.7	18.1	20.1	21.6	24.9	30.2	33.8	33.3	29.9	26.2	22.2	19	16.5	15.2	15.2	15.5	14.6	13.3	12.4	10.8	8.6	7.1	7.6	10.7	14.2	14.9	13.5	11.6	10.4	11.6	15.9	18.3	16	12.1	8.2	5.6	6.4
0	-8.2	-2.3	4	9.7	14.3	18	20.1	21.6	22.6	25.5	31.4	36.1	36.4	33.3	29.8	26.1	23.2	21.6	20	17.8	15.2	13.5	12.5	11.3	9.5	8	6.9	6.1	5.7	6.2	7.1	8.3	9.5	11.9	13.7	14.3	14.5	12.7	9.6	7.3	6.5	7.2	8.7	8.2	6.4	6.3	8.1	10.1
0	16.5	18.2	20.3	24.5	31.2	36.5	37.3	34.3	31.2	27.8	24.3	21.5	19.3	16.9	14.6	13.4	12.3	10.8	8.6	6.2	4.1	3.2	3.9	5.3	5.2	5	6.7	10.6	14.5	16.4	16.3	14.4	12.1	10.1	8	6.5	8.2	11.3	11	9	8.3	8	7.2	5.4	3.3	1	0.4	2
0	31	28.2	25.8	23.2	21.1	19.6	18.5	17.3	16.8	17.7	17.8	15.5	12.5	9.7	7.7	6.8	7	8.4	9.9	9.8	8.3	7.3	8.1	11.3	14.9	14.7	11.2	7.6	4.7	3.8	4.8	6.1	6.5	7	8.2	8.5	7	3.9	1.4	1.6	5.2	8.7	10.1	10.6	12.1	14.1	15.3	15.8
0	26.5	25	23.4	23.1	22	18.7	14.8	11.2	7.3	3.8	2.3	3.9	6.8	7.5	6.2	5.8	7.7	11.7	13.8	12.4	10.6	9.7	9	8.2	6.3	4.9	7.2	14	17.7	15.8	11.6	8.4	5.8	5.9	7.4	8.3	8.7	10.4	12.8	14.2	14.9	16.4	18	18.5	17.9	16.5	14.7	13.7
0	10.4	6.8	3.5	0.3	-0.6	2	5.7	7.2	6.7	6.9	9.7	14.3	15.7	13.8	12.2	10.5	8.2	7	6.9	8	10.5	11.3	8.8	6.7	6.9	8.4	7.9	7.8	9.1	10.4	11.4	13.1	16.2	18	18	16.7	15.3	15.1	15.7	15	13.4	12.7	13.1	12.6	11.1	11.3	14.4	18.1
0	16.9	17.8	15.4	14	14.3	16.4	17.1	15.1	11.2	6.6	3.2	2.3	3	3.4	3.6	3.7	3.6	4	6.6	10.2	10.9	11.5	13.8	16.1	16.6	18	21.8	24.8	25.5	24.3	22.1	18.3	14.6	11.8	10.2	10.3	11.9	12.7	11.5	10.8	12	14.6	16.6	17.4	16.7	16	16	16.7
0	17.6	15.5	11.5	6.7	3.2	2.7	3.9	4.1	3.5	3.8	5.3	6.9	8.9	9.1	6.9	6.9	11.9	18.3	19.4	18.3	18.5	20.5	21.1	21	19.4	18.6	19	19.7	17.4	14.3	12	10.8	10.8	12.5	15.2	16.9	17.1	17.1	16.8	16	15.6	15.1	14	13.5	13.7	14	13.2	12.4
0	13.4	13.1	10.8	9.3	8.6	8.9	9.9	9.7	6.6	3.6	3.8	8.5	12.6	14.2	15.2	15.8	17.2	18.5	19.5	19.7	19.4	19	17.8	16.2	15.5	16.1	17.1	17.3	17.2	17.5	17.7	17.1	15.5	14.1	13.5	13.2	12	10.7	10.1	10.3	10.4	9.8	9.4	9.7	10.3	10.2	8.1	5
0	7.3	7.3	4.7	2.1	3.1	8.8	13.1	15.6	17.9	19.9	21.4	20.7	19.8	18.6	19.1	20.3	20.7	19.7	19.2	18	16.7	15.1	14.5	15.7	19.8	23.2	22.3	19.5	16.7	13.7	11.9	12	12.7	13	13.1	12.2	10.6	9.8	10	10.1	9.2	7.4	4.5	1.9	1.4	3.8	7.8	10.7
0	19.9	22.1	23.2	24.3	24.8	23.8	22	20.1	18.4	16.4	15	14.8	16.2	16.9	15	12	10.3	11.1	14.8	18.9	20.3	19.6	18.3	16.2	13.8	13	13.8	15.5	16.8	16.6	15.1	13.5	12.4	11.9	11.2	9.7	7.2	4.9	3.7	4.1	6	9.4	12.5	14	14.1	13.7	12.6	11.5
0	21.2	19.2	17.6	15.9	14.9	14.9	16.5	17.5	16.4	13.9	12.5	12	13.3	16.1	19.6	22	21.3	18.4	15.5	14.4	15.6	16.6	17.3	17.8	17.8	16.8	15.4	14.2	13	12.3	11.3	10	8.4	6.2	5.2	6.6	10.4	13.4	14.4	15	15.8	16.3	16.4	16.3	16.2	16.1	15	12.9
0	25.1	26	23.7	20.1	17.3	15.4	15	16.2	17.2	16.1	14.2	12	10.1	10.1	11	11.1	11.8	13.5	15.6	17.3	17.6	16.8	16.1	15.7	14.4	13.3	12.8	12	11.1	10.8	10.9	11.4	12	12.7	12.2	11.4	11.4	12.2	13.8	15.2	16	15.6	14	12.2	11.7	13	14.7	14.6
0	16.5	17.9	18.8	17.6	15.3	12.5	10.1	9.7	10.2	10	10.4	11.9	13.8	14.9	14.5	13.2	12.4	12.3	11.2	10	9.4	9.3	10.5	12.8	14.6	14.5	14	13.6	13.1	12.7	12.3	11.8	11.9	12.7	12.3	10.2	8.4	8.9	11.1	11.6	9.1	6.2	4	3.5	3.7	3.4	2.5	2
0	16.1	15.5	15.1	13.9	13.2	13.6	14.2	14.9	13.5	10.4	8.5	8.8	9.6	10.4	10.2	9.1	9.1	11.1	14.6	17.2	17.8	17.4	17	16.4	15	13.6	13.4	14.7	15.2	13.3	11.6	11	11	10.6	9.6	8.2	6.4	4.1	1.9	1.2	2.3	4.1	5	3.8	1.9	0.6	0.7	2.1
0	16.4	16.8	15.1	11.8	9.7	9.8	10.2	10.5	9.9	8.2	7.7	9.6	13.4	16.1	16.2	15.3	14.1	13	12.5	12.7	13.1	13.3	13.1	12.7	13.3	14	12.8	10	7.7	6.7	5.5	4.3	3.9	4.7	5.2	4.4	3.3	1.8	1.3	2.7	4.8	5.3	3.5	1.3	-0.5	-0.2	2.3	6.9
0	17.4	17.3	14.9	11.8	10	11	14.4	16.3	14.9	11.7	9.2	9	10.8	12.2	11.4	10.3	10.2	11	13.7	16.7	16.6	14.3	12.7	11.4	8.9	5.9	4.4	5.5	8.3	8.5	6.6	4.6	2.9	2.1	1.9	1.9	2.1	3	2.8	2.4	3.8	7.6	11.9	15	18.2	19.8	18.8	15.9
0	8.7	10.9	10.5	7.8	5.7	6.1	8.9	11.3	11.9	12.6	13.9	14.5	15.5	16.1	15.2	14.4	14.6	14	10.4	6.6	4.2	3.3	2.8	2.3	2.5	1.8	-0.8	-3.4	-4	-1.3	3.4	6.6	8	8.2	9.3	10.3	12	14.5	16.8	16.7	14.1	10.7	6.8	3.8	1.8	0.6	-0.2	-1.4
0	15.3	17.3	16.5	15.9	15.9	15.9	16.5	17	15.1	12.3	11	10.7	8.6	5.4	2.5	0.3	-0.3	0.2	2	3.3	2.5	1.6	1.7	2.4	3.4	5.6	8.3	9.3	9	9	10.4	12.8	15.8	18.3	18	14.6	9.5	4.9	2.5	2.5	2.7	0.7	-2.5	-5.6	-7.7	-9.5	-10.6	-10.7
0	19.5	19.9	17.7	14.6	12.7	11.8	9.3	5.5	2.1	0	-0.3	0.2	1.7	2.5	1.6	1.3	1.5	1.9	3.1	7.1	10.7	10.6	8.8	7.4	7.7	11.4	17	21.1	23.6	21.5	16.5	11	6.5	4.9	6.1	7.8	5.1	0.4	-3.9	-6.7	-6.8	-5.3	-4.6	-6.5	-9.5	-11.8	-11.2	-5.6
0	15.2	11.2	7.3	4.5	3.5	2.9	3.2	3.3	1.3	-1.1	-2.1	-1.4	1.1	5.8	8.3	7.1	5.6	6.2	9.5	14.9	18.3	19.6	19.3	18.5	15.8	12.5	9.3	7.5	7.4	7.5	5.4	1.9	-1.3	-3.9	-5.3	-5	-4.7	-6.3	-8.1	-9	-7.8	-3.3	2	5.4	8.5	11	11.7	11.3
0	3.3	3.4	1.5	-0.8	-1.6	-0.8	1.3	5.3	7.7	6.9	5.8	6.1	8.7	13.5	17.7	20.4	19.9	17.5	14.7	11.3	8	6	6.6	7.9	6.1	2.4	-1.3	-5	-6.9	-6.2	-4.5	-4.2	-6.1	-7.9	-8.2	-6	-0.9	5.4	10.3	11.7	9.7	9.3	9.8	11.3	12.4	12.4	10.6	8.5
0	5.9	9.7	11.3	9.6	8.1	7.7	9.4	14.1	18.8	20.2	18.4	16	13.3	10	7.3	5.8	5.9	6.2	5.6	4.3	2.7	0.6	-1.5	-2.6	-3	-3.4	-3	-2.5	-3	-3.7	-2.9	1.3	7.7	11.8	11.9	8.9	6.2	3.6	2.6	3.5	6.3	7.6	5.9	2.5	-1.2	-3.3	-2.6	0.9
0	10.7	15.3	19.8	21	19	16.4	13.4	10.1	7.2	5.9	6.7	7.4	5.5	2.4	-0.3	-2.4	-3.5	-3.4	-2.9	-3.9	-5.5	-6.2	-5.3	-3	0.7	5.3	9.4	12	11.2	8.6	6.1	5.9	8.6	9.9	8.1	5.8	3.4	0.9	-0.9	-1	-0.2	1.2	2.6	2.4	1	0.2	0.2	0.7
0	18.6	15.2	11.8	9.9	9.9	9.4	6.7	3.2	-0.5	-4	-5.8	-4.8	-2.7	-3.5	-6	-8	-7.9	-4.1	2.3	7.3	11.7	14	13.3	10.9	8.2	5.8	5.2	6.9	8.6	7	3.8	0.3	-2.9	-4.9	-5	-2.3	1.8	5.6	8.3	8.6	6.6	4.7	4.6	7.8	10.7	8.8	6.6	8.7
0	3.3	-0.1	-3.5	-6.7	-7.7	-5.7	-3.3	-3.9	-5.9	-7.1	-5.8	-1.9	2.9	7.6	12.4	16.1	15.4	12	8.4	5.5	5.2	7.4	10.2	9.1	5.7	2.1	-1.5	-4.4	-6.3	-5.9	-1.4	4.4	7.4	8.3	6.4	4.6	2	-0.2	-2.5	-3.8	-3.9	-1.8	5.7	17	28	36.3	41	45.4
0	0.2	-0.4	-2.8	-4.5	-3.8	-0.3	4.7	9.3	12.9	14.4	12.1	9.4	6.7	5.2	5.7	8.4	11	9.1	5.5	1.9	-1.3	-2.7	-2.5	-1.2	-0.8	-2.3	-4	-4.1	-1.3	5	10.5	13.2	10.4	5.8	1.4	-0.6	4.9	17.9	27.9	36.4	39.8	38.9	38.5	45.2	50.9	50.4	48.2	48.5
0	3.3	7.8	12.3	14.8	13.8	10.4	6.7	4.6	4.7	7.3	10.8	10	6.1	2.7	-0.1	-1.2	-2.5	-3.4	-3.2	-1.7	-0.2	1.9	6.2	10.9	13.6	13.9	12.3	9.7	6.3	4	4.5	14.8	25.6	33	37	36.1	39.1	49.8	59.6	61.4	56.4	50.9	44.9	39.3	34.3	28.2	21.4	14.9
0	11.2	8.9	8.8	10.6	13.4	11.4	6.8	2.7	-1.1	-3.9	-6.8	-7.5	-4.8	2	5.9	6.6	6.1	9.2	14.4	16.7	12.8	7.6	3.7	3.2	7.8	17	28	39.5	45.7	43.2	38.5	38.8	42.6	46.9	48	45.9	41.4	35.9	28.3	21.1	14.6	10.2	7.5	7.3	9.2	10.5	11.2	13.5
0	-2.9	-6.6	-9.3	-10.8	-12.1	-11.1	-6.8	-0.1	5.5	11.6	15.3	16.8	17.7	18.8	17.7	14.7	11.8	11.3	15.1	21.2	28.7	36.2	38.2	34.6	32	31.4	34.6	40.3	41.7	40.3	40.3	37.4	30.4	21.7	13.5	7.2	5.1	8.1	11.8	12.8	11.5	11.6	15	21.4	25.6	26.4	24.2	24.6
0	2.7	9.1	13.1	17.2	18.5	18.5	18.9	19.5	16.4	11	6.7	6.4	13.5	24.9	34.2	40.9	41.1	37.2	34.4	36.7	41.2	40.1	39.9	45.3	49.2	42.3	33	23.2	14.5	9.6	7.9	8.5	8.7	8.8	8.5	8.9	12.5	20.6	27.9	30.5	26.7	22.6	19.1	17.7	19.8	25.5	31.7	35.7
0	8.9	9.8	8.4	3.9	0.7	1.7	11.1	23.9	35.4	45.2	51	55.7	63	66.3	56.2	46.4	38.9	38.4	43.9	41.5	31.4	22.5	13.1	5.5	0.1	-1.7	-0.3	4.3	8.9	12.3	15.1	18.5	22.8	24.3	23.3	23.4	28.1	33.9	36.4	35.4	33.7	32.2	30.2	27.5	23.5	19.7	15.9	13
0	20.9	33.6	44.1	52.5	57.1	61.2	64.4	61.2	51.6	42	34.8	35.5	40.7	38.1	29.4	20.8	11	3.5	-0.6	0.6	5.6	10.3	12.4	12.1	11.9	15	21.2	25.9	29	32.5	35	34.2	32.4	31.4	30.9	31.3	29.5	25.1	19.7	15.5	12.7	10.4	9.7	11	15.7	22.7	26.4	26.5
0	62.7	59.6	49.9	41	35.3	38.6	44.9	40.7	30.9	20.8	10.7	3.3	0	2.9	8.1	11.5	12.5	10.5	9.3	10.9	18.2	24.9	30.2	32.9	31.4	29.4	28.8	30.5	31.7	30.5	27.4	23.8	20	16.8	14.5	13.5	14	15.3	18.4	22.8	24.3	24.1	25.1	28.5	33.6	34	29.2	24.3
0	51.5	47.1	36.8	26.1	15.8	8.2	3.9	5.7	8.4	5.8	2.7	1.4	2.6	8	15.7	22.8	28.3	31.8	33.4	33.1	31.6	29.4	26.4	23.6	22.8	24	24.7	21.4	16.6	11.7	7.1	5	8.8	17.2	21.7	24.7	24.8	26.6	30.5	36.2	38	36.1	33.9	32.4	30.3	28.5	27.3	26.8
0	16.8	18.6	19.2	15.1	11.3	8	6.4	9	15	19.5	25.3	33.9	38.4	33.9	26	20.6	17.9	20.6	27	31.4	29.5	23.5	17.7	12.4	8.9	9.4	17.7	26.3	31.4	32.4	30.1	30.1	31.8	35	33.2	30.1	26.8	24.1	20.9	20.2	22.3	26.1	29.2	30.9	30.8	29	27.5	26.8
0	17	19.4	24.8	29	34.5	38.5	36.9	30.7	22.7	15.7	13	16.2	23	26.4	23.7	16.2	9.4	3.7	1.8	5.9	17.2	26.8	36.4	42.2	45.3	45	43.1	40.5	36.7	32.2	28	25	23.5	23.6	24.3	24.8	24.8	24.4	23.7	23.6	24.3	26.1	27.5	28.9	31.7	35	35.6	33.8
0	27.9	22.1	15.3	8.9	8	15	21.7	24.3	21.8	16.5	11.8	8.4	10.4	19.5	30.3	36.8	37.4	33.7	35.4	39.7	42.9	39	33.3	26.3	21.3	18.2	16.4	15.2	17	21.7	25.4	27.1	28	28.2	27.6	27.3	27.8	28	28.9	31.8	35.3	36.2	34.7	32.2	28.9	25.9	24.3	23.6
0	30.2	32.3	28.4	22.3	16.4	11.6	11.3	16.8	27.9	35.3	40.1	42.1	46.7	47	41.6	34.3	26.6	20.8	17.8	17.7	17.7	18.3	21.4	25.7	26.5	24.8	24.8	26.4	29	32.3	35.8	37.2	37.3	36.9	35.2	33	31.4	29.5	26.4	22.2	17.8	14.1	11.5	11.3	14.1	19.3	23.7	26
0	14.9	20.3	32.7	39.7	44.5	41.6	40.2	39.8	35.7	28.9	23.2	19.7	19.1	18.2	16.3	15.7	18.2	26.3	31.4	32.9	29.7	27.7	26.9	29.2	34.1	38.3	40.2	38.5	35.7	32.7	31.8	32.4	32.7	30.3	26	21.5	18.6	18.6	22.3	27.2	30.2	29.5	27.1	26.3	27.3	30.8	33.9	35.7
0	51.4	50.6	46	38.5	32.4	27.8	25.5	24	20.1	15.4	13.1	17.6	25.2	29	29	26	24.9	24.6	28.7	33.5	35.6	32.9	29.7	27	26.5	28.9	31.2	28.1	23.8	20.6	19.4	21.4	26.7	32	33.8	31.9	30.3	30.7	32.8	35.6	36.1	34.4	31.6	29.3	28.5	29.3	30	30.3
0	26.4	24.8	21	16.1	13.2	16.6	24.8	29.4	30.1	26.2	23.5	20.9	23.2	29.5	35	36.9	34.8	32.7	31.5	32.8	33.6	29.9	25.3	22	21.7	22.9	25.5	28.7	30.9	30.2	28.9	28.8	30.5	33.7	35.6	35	33.3	31.7	30.6	30.5	31.6	33.6	34.9	34.6	32.5	29.7	26.8	24.2
0	35.4	39.7	38.8	34.4	31.9	28.5	28.3	32.8	34.7	28.5	25.1	24.2	25.8	27.1	27.2	24.1	20.2	18.3	20.2	23.4	23.7	24.2	26.9	30.1	31.6	34.5	38.4	40.3	39.4	37	33.4	30.7	30.2	31.4	31.6	31.6	31.4	30.9	30.2	29.6	28.1	25.6	23.5	22.3	22.9	25.6	28.8	30.6
0	30.7	34.9	37	30.9	27.7	25.9	26.6	28.9	29	23.9	19.2	16.6	18.1	21.8	23.2	23.5	25.3	27.4	28.8	32.2	35.8	37.7	38.7	39.3	37.5	34	31.1	29.9	30.2	30.8	30.6	29.4	27.2	25.1	23.7	22.9	21.7	20.9	21.2	24.1	28.8	32.7	34.1	33.1	32.6	32.2	31.3	29.3
0	31.7	33.6	33.2	27.8	23	19.9	20.5	23.4	23.8	22.7	24.3	27.3	29.6	32.3	35.1	36.3	36.6	36.7	35.4	32.9	31.1	30.8	31.3	31.9	32.1	31.9	30.4	28.6	27.7	27.1	25.9	24.1	24	25.8	29.4	32.2	33.8	34.3	34.6	33.4	30.8	28	26	25.9	27.3	28.4	28.7	29.6
0	24.3	27	26.8	25	25.8	28.4	30.1	32.2	33.7	33.5	34.1	35.2	34.2	31	28.5	27.2	28.2	30.9	33.2	33.9	32.4	30.9	29.9	28.9	27.4	26.4	26.8	28.9	32.7	35.2	34.8	33.6	32.8	31.3	29.5	27.7	26.4	25.9	26.6	27.6	28.7	30.3	32.7	34.6	34.4	32.6	30.1	27.7
0	32.6	34.7	36	35.6	35.5	35.7	34.2	31	28.2	26.6	27	29.6	32.1	32.6	30.5	28.2	27.2	27.3	27.2	26.6	26.8	27.9	30.4	33.5	35.3	35.7	35.3	33.7	31	28.6	27	26.5	27.6	29.9	32.8	34.8	35.4	34.9	33.4	31.8	30.8	30.3	29.3	27.8	26.5	25.4	25.1	26.7
0	33.9	30.5	27.9	26.6	27.1	28.9	30.4	30.6	29.3	28	27.7	27.7	26.9	25.8	25.7	26.6	28.5	30.9	33.7	35.7	35.4	32.6	28.5	24.9	23.2	24.1	26.4	28.8	30	30.7	31.9	33.5	34.1	33.5	32.4	31.4	30.3	28.7	26.8	25.1	24.6	26	29.1	32.2	33	31.5	29.6	27.5
0	35.4	35.4	33.3	31.3	30.2	30	29.2	28.3	27.8	27.2	27.3	29.4	32.2	35	35.4	33.7	30.7	27.7	26.2	26.4	27.3	28.1	29.2	30.1	31.2	33	34.6	33.9	31.6	29.4	27.9	26.7	25.8	26.1	27.4	29.3	31.3	32.9	33	31.7	29.3	26.5	24	22.5	21.9	21.8	21.6	21.7
0	28.2	27.5	27.3	27.4	28.4	31.3	34.1	36	35.5	33.6	30.9	27.8	25.9	26.2	28.3	30.5	32.2	32.9	32.8	33.4	33.8	32.6	30.2	28.4	27.2	26.2	25.6	25.5	26.3	28.1	30.9	34.2	36.1	35.9	33.9	31.2	28.3	25.9	24.6	24.5	25.1	25.8	26.7	27.9	28.9	28.3	25.7	22.6
0	34.8	36.7	36	33.7	30.6	27.6	25.7	25.7	27.2	28.6	30.1	31.1	31.6	32.6	33.8	33.1	32	31	29.4	26.6	24.4	24.4	26.8	30.2	33	35.1	35.1	33.2	30.7	28.5	26.8	25.9	25.4	25.2	24.8	24.7	25.3	26.2	27.7	29	28.4	25.6	22.2	19.7	19.5	21.7	24.4	25.4
0	32.7	32.6	33.1	33.2	33	32.7	32.5	33.5	33.4	30.5	27.7	26.6	26	24.1	22.1	21.8	23.3	25.9	29.7	34.7	37	35	31.5	28.7	26.8	26.8	27.5	27.1	26.2	26.3	27.4	28.7	29.4	28.7	26.1	23.2	20.4	18.5	18.6	20.9	23.4	23.8	23.1	22.4	21.6	21.2	21.6	22.5
0	27.2	28.4	29.8	28	26.1	25.3	24.8	24	24.1	26.6	29.7	31	32.3	36.1	39.7	39.2	35.9	33.4	31.3	29.5	27.5	25.3	23.8	24.7	27.9	30.8	30.3	27	22.7	18.9	17.4	18.9	22	23.4	22.9	21.8	21.3	21.8	22.8	23.6	24.6	25.1	24.2	22.1	19.7	17.8	17.4	18.6
0	24.8	23.9	23.8	25.9	28.8	30	31.3	35.7	40.3	40.7	37.3	34.2	31.4	28.9	26.6	24	22.3	22.9	26.3	29.8	30	27.2	23.7	20.9	20	20	19.6	18.7	19.6	22.6	25.1	24.5	24.2	25.4	26.3	25.6	23.1	20.3	18.6	18.8	20.1	21	21	20.2	19.9	21.2	23.3	23.3
0	31.4	35.8	40.6	41.2	37.8	34.6	31.6	29.4	27.7	25.9	24.3	25.2	29	32.1	31.4	28.6	25.3	23.2	22.9	22.4	20.7	19.1	19.2	21.6	25.1	26.2	25.2	24.2	23.1	22.2	21.4	19.9	18.5	18	18.3	19	20.7	21.9	21.8	21.4	21.5	21.4	20.4	18.3	15.3	13.1	12.1	12.4
0	31.7	29.5	28	26.1	24.5	25.3	29.1	32.3	31.7	28.8	25.4	22.9	22.4	22.1	21	20.1	20.8	22.9	25.1	25.6	24.6	23.6	22.9	22.5	21.6	20.3	19.3	18.9	18.7	18.8	18.9	19.8	21.5	23	23.4	22.3	19.7	16.9	14.8	14	13.8	13.8	13.9	13.1	10.9	8.7	8.4	10
0	29.2	32.4	32.1	29.3	25.8	23.1	22.6	23	22	21.2	22	23.5	25.1	26	25.9	24.8	23.4	21.9	20.3	18.6	17.8	17.9	18.8	20.8	22.8	23.2	22.1	21.2	20.9	21.4	20.3	17.6	14.7	13	13.4	15	15.5	12.9	9.7	7.6	8.2	10.3	11.3	10.5	9.4	8.4	7.4	6.2
0	22.6	23	22.1	21.4	22.7	24.3	25.3	26.1	26.5	26	24.9	22.9	20.5	18.8	18.8	19.7	20.1	20.9	21.7	21.9	21.7	21.7	21.9	21.9	20.6	18	15.6	13.7	13	13.5	13.7	12.4	10.5	9.1	9.1	11.1	12.6	12.2	11	9.2	7.5	6.4	7	8.3	9.9	11	10.5	10.3
0	25.4	26.1	26.5	26.4	25.8	24.1	21.4	19	18.1	18.5	19.2	20.3	21.6	22.4	22.1	21.4	20.7	20.1	18.9	17.7	16.7	15.3	13.8	13.2	13.5	13.6	12.8	11.4	10.6	10.5	10.4	10.2	9.6	8.7	8.6	8.6	8.2	7.9	7.5	5.8	4.5	4.9	6.3	7.1	6.1	3.4	0.2	-1.5
0	21.4	19	18.2	18.7	19.6	20.4	21.3	22.5	22.7	22.1	21.4	20.5	18.9	17.2	16.4	15.5	13.9	13.1	13.5	14.1	13.8	13	11.8	10.4	9.4	9.8	11.2	11.8	11.3	10	8.5	7.6	7.4	7.6	8	7.9	6.9	5.6	4.1	2.6	1.5	0.3	-0.8	-0.3	2.1	5.4	7.4	7
0	21.2	22.5	22.8	22.3	21.6	20.6	18.8	16.9	15.7	14.4	12.9	12.2	12.7	13.7	14	13.4	12.1	11	10.2	10.3	10.8	10.4	10	9.5	8.4	7	7.2	8.4	8.3	6.2	4.5	4.2	4.6	3.5	2.2	1.4	0.7	0.5	1.6	5.5	11.4	15.4	16.2	14.1	12.9	13.3	16.5	22.1
0	18.8	16.9	15.6	14.2	12.6	12.2	13.3	14.6	14.8	13.8	12.1	10.7	9.7	8.8	8.1	7.4	7.2	7.3	7.3	7.1	7.6	7.8	6.3	4.8	5.1	6.2	6.3	4.1	1.3	-0.7	-1	0	2.1	6.6	11.6	14.2	13.4	12.1	12	12.7	16.4	23.4	29.4	32.4	32.1	31.9	32.1	31.1
0	13.2	14.6	14.9	13.9	12.5	11.3	10	9	8.3	7.6	7.2	6.6	6.1	6.8	9.7	11.7	10.5	9.3	7.6	5.2	3.1	2.2	3.7	6.2	4.6	1.5	1.2	5.1	10.5	10.8	9.1	7.1	6.4	7.6	11.7	16.3	21.3	27.5	34.3	40.9	44.6	42	36	31.7	31.6	37.7	39.9	35.9
0	10	9	8.3	7.4	6.8	6.6	6.6	7.2	9	10.1	9	7.7	7.3	7	5.6	4	3.3	2.8	1.5	1.2	4.2	10.1	13.3	12.1	9	7.1	7.1	11	15.5	18.2	19.9	21.9	25.3	28.4	30.7	30.1	27.7	25.8	27.7	32.6	34.1	31.3	27.8	23.3	19.3	16.2	13.6	13
0	6.6	7.3	9.1	10.3	9.2	7.9	7.6	7.5	6.4	3.9	1.5	0	-0.1	1.7	6.1	10.7	12.5	11.1	9	6.9	5.6	7.9	12.8	16.2	17.9	19.6	24.4	31.8	36.7	37.9	33.5	30.3	28.7	28.9	26	23.5	24.2	24.2	19.6	16	14.1	11.9	11.5	13.5	13.2	10.9	9.8	8.4
0	7.5	7.5	6.2	3.6	1.2	-0.1	-0.3	1.6	5.7	8.8	8.5	6.3	5.8	5.7	5.6	6.4	9	13.2	18.4	22.5	26.5	31.8	35.8	35.1	31.2	27.6	25.2	25.1	23.5	21	19.8	19.2	17.5	15	12.7	11.4	12.3	14.7	14.6	12.3	10	8.8	9.6	12.7	17.2	19.5	18.7	16.5
0	-0.2	1.8	6.1	9.6	10.2	7.8	6.1	4.6	3.7	5.1	10.4	18	23.5	26.9	28.5	30.7	32.5	35	34.6	32.3	29.1	25.8	23.5	23.8	23.8	19.3	14.2	10.9	10.6	11.9	12.8	12.7	12	11.2	9.1	7.6	8.2	11.5	16.2	18.6	17.2	15	15.2	16.9	18.1	16.7	14.5	11.1
0	8	6.5	5.2	5.9	10.3	17	22	27.7	33.7	37.2	38	38.5	37	33.6	30.4	27.5	24.6	23.3	22.4	19.2	15.1	11.6	8.8	5.9	4.5	6.9	12.9	15.5	14.2	11.8	9.6	9.1	13	18.8	21.6	21.9	21.4	21.3	20.1	17.9	14.8	12.4	11.7	12.7	14.8	18.7	23.5	27.2
0	20	25.7	31.6	35.4	36.8	38	37.7	34.9	31.6	27.9	23.9	21	20	19.7	18.6	16.9	14	9.6	6.5	7.2	11.2	13.4	14	13.5	11	7.9	6.1	7.7	12.1	16	17.1	15.7	14.8	15.4	17.8	19	18.6	20.2	25.2	31	33.1	29.6	23.1	16.3	11.3	10.4	13.7	19.9
0	29.2	26.6	24.2	21.4	18.9	17.6	18.3	19.2	20.8	23.5	22.3	17	12.9	12	16	20.5	21.1	17.3	12.6	8.1	5.8	7.3	9.5	9.4	8	7.2	5.5	5.4	8.2	12.8	17.1	25.1	35.5	42.4	41.1	32.5	25.1	17.8	14.3	14.2	18.7	24.1	27.6	25.1	19.2	14	10.3	10.5
0	29.2	29.7	29.6	30.2	26.9	20.3	14.5	12.2	13.5	14	12.4	10.6	7.4	4.2	4.5	10.2	14.7	15.2	13.8	13.2	12.1	11.1	11.2	12.6	15.7	20.8	29.5	37.1	39.7	33.3	26.5	19.9	15.2	12.9	12.5	15.7	21.5	24.8	22.5	19.3	17.3	16.5	17.1	19.1	23.6	28.8	32.6	33.3
0	9.5	7.2	9.4	11	10.4	9.5	6.7	3.2	3.2	10.9	19	22.4	23.3	22.4	21.3	17.5	15	13.6	16.9	24.9	31.6	33.6	28.9	23.4	17.6	13.8	12.4	11.6	10.9	10.6	12.2	14.9	18	20.3	22.9	27.1	31.8	35.1	36.2	35	33.6	31.9	30.5	29.2	28.3	27.3	25.9	24.7
0	15.9	12.3	11.3	16.5	22.9	24.1	23	22	19.2	13.6	10.4	11.7	22	31.4	37.2	34.5	27.5	21.8	16.4	14.9	14.4	13.8	12	11.5	11.4	12.2	14.7	18.5	21	22.2	23	25.4	28.4	31.9	34.3	34.9	34.5	34.4	34.2	33	30.7	28.5	27.7	29.8	34.9	37.7	35.3	30.5
0	14.4	13.5	11.9	7.2	5.6	9.3	20.9	29.7	36.2	34.9	30.5	26.2	21.7	18.9	17	16.2	15.5	16.2	17.1	17	17	17.9	19.1	19	18.8	21.4	25.8	29.3	29.7	28.5	28	29.7	32.6	32	29	26.5	26.4	30.9	37.6	40.8	39.5	36	33.6	32	31.4	29.5	27.4	26.2
0	29.1	37.8	43.7	41.5	36.3	30.6	25.1	21.2	16.4	11.7	8.1	7.5	11.5	17	18.9	17.8	16.1	15.3	15.9	22.6	28.6	31.2	30	29.3	31	34.6	37.9	35.7	31.4	27.3	25.7	27.3	31.4	34.1	33.6	30.8	28.4	27.4	28.9	30.1	29.6	28.1	27.4	28.4	31.9	36.2	39.5	40.7
0	16.2	12.6	9	5.8	3.5	4.6	11.2	17.6	20.8	21.8	21.4	21	21.1	26	31.1	33.7	33.7	34.3	36.1	38	38.2	34.5	29.3	24.3	22	23.6	28.1	31.5	32.4	30.4	29.1	29.7	32.2	32.9	31.3	29.8	30.7	36.2	43.5	48.2	49.6	47.1	44.4	41.5	39.6	38.4	39	40.7
0	24.5	30.5	31	29.1	27.2	24.9	24.1	28.3	31.1	28.7	26.7	28.6	33.4	36.6	35.8	31.4	27	23.4	23	26.9	32.4	35.5	35.7	33.8	33	33.6	36.5	37.3	36.3	35.2	36.4	39.8	44	46.2	45.4	42.9	40	37.5	36.5	36.4	36.9	37	36.5	35.7	35.7	36.1	36.2	36.1
0	11	15.7	21	21.4	21.4	25.3	31.7	36	39.6	39.6	36.6	32.1	29.5	31.4	37.8	41.1	39.9	36.7	34.3	32.5	32.8	32.2	30.3	29.1	31.2	36	40.1	42.5	42.7	41.6	39.5	37.9	37.6	38	38.9	39.4	39.2	38.9	39.5	40.2	39.8	39.1	39.4	41.1	43.2	44.5	44.4	43.1
0	18.6	23.2	29.4	32.5	32.3	28.6	27.4	30.2	40.2	46.9	49.1	43.9	40.4	37.5	37.9	38.7	37.4	34.6	33.2	32.5	31.3	31.2	31.9	32.5	32.1	32.1	32.5	32.9	32.9	32.7	32.5	33.7	38.1	42.5	43.2	41.2	39.8	39.2	40.3	43	44.8	43.9	42.9	41.8	40.3	38.6	37.2	36.3
0	10.8	14.1	26.7	35.6	41.4	39.2	36.5	35.4	40.4	49	51.1	46.8	42.2	40.2	39.2	40.1	38.7	36	32.7	30.2	28.4	28.3	28	26.9	26.2	27.6	31.4	35.7	36.9	35.5	35.1	37.2	42.2	46	46.5	43.9	42.3	40.8	39.8	38.9	38.5	38.5	38.3	36.8	33.8	30.6	27.6	26.2
0	30.7	29.9	36.7	46.2	49.4	46	41.4	40	40	43.4	43.6	40.7	36.4	32.9	30.8	31	31.1	30.6	30.3	30.4	30.4	30.7	30.5	30.8	32.9	37.1	40.6	42.3	41.4	39.4	38.1	38.5	40.4	42.5	42.4	40.3	37.3	34.5	32.4	30.9	29.5	27.8	26.6	25	23.6	24.1	27.3	30.9
0	25.4	24.5	26.9	34.3	37.3	36.9	33.1	31.7	32.9	40.8	43.9	42.1	38.4	37.1	36.2	36.6	35.5	34.9	35	35.7	36.3	37.3	37.4	35.9	34.5	34.2	35.6	38.4	39.6	38.7	37.2	35.6	33.3	30.7	28.9	28.3	29.5	30.5	30.2	29.5	29.5	29.1	28.5	27.8	27	26.3	25.5	24.6
0	36.9	35.4	36	43.2	45.4	42.1	38.1	36.7	35.7	35.1	32.8	31.1	30.9	32.3	34.1	35.6	34.9	32.5	31.3	32.8	36.9	41.2	42	39.3	36.8	34.9	33.9	32.1	30.3	29.2	29	28.2	27.7	29.5	33	34	30.9	27.2	24.2	23	23.3	24.5	24.3	22.4	20.6	19.7	20.9	22.9
0	33.4	32.1	32	32.3	31.3	30.8	31.7	33.8	37.1	40.6	40.4	36.5	34.1	33.9	37.5	42.5	43.4	40	37.3	35.6	34.2	31.9	29.7	27.8	26.8	26.2	25.7	26	27.7	30.2	29.5	27	24.9	23.2	22.8	22.6	22	20.9	21.1	22.2	23.3	22.6	21.5	20.4	19.2	18.8	19.3	19.9
0	41.2	43	44.2	45.6	43.8	39.5	36.3	35.7	36.4	37	35.8	34.1	32.9	32.5	30.9	28.2	26.9	27.1	28.4	29.3	29.8	30.7	32.9	35.5	35.2	32.9	30.5	28.5	26.6	24.9	23.7	22.5	21.2	19.7	19	19	19.6	20.2	18.7	15.8	12.8	11.7	15	20.3	19.5	13.6	9.1	7.3
0	39.5	38.8	38.7	38.6	37.2	35	33.6	33.2	31	27.2	25	25.3	27.5	29.1	29.6	29.9	30.6	31.4	31.6	30.7	29.5	28.2	27.3	26.3	25.4	24.1	22.1	20.6	20.5	21.1	20.6	18.5	15.7	12.8	11.1	11.6	13.7	13.5	10.4	7.6	5.5	4.7	3.2	0.7	0.6	6.5	14.9	21.5
0	42	41.3	37.9	33.1	29.9	29.1	29.8	29.4	27.1	24.9	24.4	27.3	31	30.2	27.1	25.1	24.1	23.8	24.3	24.8	23.8	23.3	23.7	25.1	25.7	23.3	18.9	14.9	14.1	16.6	17.6	14.6	13.1	13.3	12	7.9	3.2	0.1	1.1	7.2	11.5	13.9	17.9	23.5	29.2	33.4	35	32.6
0	36.2	35.5	32.7	29.8	28.4	29.7	32	31.2	27.2	23.6	21.6	22.1	23.9	24.7	23.4	22.4	22.7	22.9	21.5	19.9	18.8	18.8	20.4	22.7	21.1	17	13.1	10.2	9.9	12.4	14.9	12.3	8.8	7.1	7.1	8.6	12.5	17.4	21.5	27.7	32	32.4	30.6	33.1	37.8	41.3	42.1	41.1
0	40	38.9	34.1	29.5	25.9	24.9	25.4	24.7	21.2	18.1	17.8	20.1	21.4	19.8	17.2	14.8	15	19.1	20	16.8	14.2	11	8.4	9.8	13.1	10.9	8.5	8.7	9.1	9.2	12.1	20.4	29	35	34.1	30.9	29.5	31.6	39.2	42.7	43.2	42.5	41.4	36.3	32.2	30.8	32.9	36.4
0	36.7	35.5	30.5	25.9	23.3	22.9	22.2	19.9	15.6	10.6	7.3	8.9	11.7	12.2	11.8	10.3	8.4	9.1	10.3	9.3	8.3	10.6	14.6	16.2	16	18.4	26.4	34	39.5	40.7	40.1	41.6	44.2	44.9	43.6	43.6	41.9	39.8	37.8	36.9	36.5	38	41.8	44.7	47.4	53.2	59.8	61.7
0	24.2	22	17.7	12.5	9.1	9.4	11.9	14.3	13	9.1	6.5	7	12.1	17.1	20.2	20.8	19.6	19.2	19.1	21.5	25.7	30.7	31.7	29.4	25.5	22.9	24.5	32.7	39.1	40.5	37.4	34.8	33.3	34.9	40.8	46.7	49.5	49.3	49.5	51.7	56.9	61	64	66.8	68.2	66.2	62	57.7
0	18.9	21.1	18.5	14.1	10	8.9	12.3	15.7	13.8	9.7	9.3	14.2	24.6	33.2	39.4	38.6	36.6	36.8	38.9	44.8	50.3	50	44.2	38.8	32.8	27.6	25.2	27.4	31.8	34.6	35.4	35.9	40.7	49.5	56.9	61	60.4	59.6	61.3	63.4	63.7	65.2	69.4	74.7	77.1	75.6	72.3	69.7
0	13	16.1	13.4	8.9	7.9	13.5	25.8	35.3	42.3	41.5	39.1	38	38.2	42.3	47.4	47.6	42.9	38.4	33.7	29.7	27.8	30.5	35.2	38.9	44.8	52.9	58.8	59.7	56.9	55	57.1	67.6	76.3	79.9	75.5	71.1	66.4	64.6	66.7	70.8	71	72.1	80.7	92.6	100.1	100.6	92.2	85.6
0	30.1	39.1	44.5	40.3	38	37.5	38.9	44.2	47.9	43.6	38.5	35.1	31.5	27.4	25.3	28.2	32	34.5	41.2	51.2	56.1	55.4	54.7	58.3	63.8	68.1	66.3	61.6	60	63.6	68.9	70.9	70	66.4	62.1	61.3	71.2	82.6	89.2	91.5	92.2	94.9	99.3	100.7	95.5	88.7	82.7	78.8
0	38.2	43.4	47.6	44.2	39.5	35.5	30.4	25.6	23.1	24.5	29.4	36.9	46.6	56.3	61.3	60.9	58.6	58.1	57.8	60.4	63.2	63.5	62.5	63.6	64.9	66.9	69.7	70	66.7	64.6	67.9	80	91.9	101.6	107.4	108.4	105.8	104.3	103.5	104.1	102	95.1	87.2	80.7	76	72.9	71.3	71.8
0	33.9	29	26.5	28.2	34.5	41.2	49	57.2	58.8	53.9	52.3	55.8	66.3	76.2	83.1	79.7	74.5	72.7	75.8	83	87.6	85.7	79.4	74.9	72.4	75.9	83.8	90.1	91.6	90.6	93.3	99.5	103.6	100	95.7	92.2	90.7	87.3	82.4	79	80.4	87.2	94.3	97	92.6	86.4	80.8	78.1
0	53.5	61.5	62.4	55.8	53	54.9	63.9	71.7	75	69.1	67.4	72.1	81.9	85.1	85.9	83	80.1	75.2	73.2	74.9	84	94	102	105.5	105.4	102.1	98.1	91.8	85.4	80.5	77.9	76.7	76.2	75.7	75.5	76.3	78.6	80.3	80	80.7	85.5	91.8	93.1	88.8	84.1	80.5	81.2	87.2
0	69.9	77.6	81.1	74.6	70.8	70.9	78.3	83.9	87.6	85.9	81.6	74.9	70.8	72.9	84.1	93.6	101.7	103.2	98.6	94.3	91.1	86.5	82.3	80.6	79.4	77.6	75.9	76	79.4	85.6	90.4	89.6	84.7	80	77	76.7	75.7	74.1	73.7	74.7	74.7	71.7	66.9	62.5	59.7	58.7	60.4	62.6
0	105.8	110.1	109.5	103.8	96	86.8	80.4	81.1	85	84.9	86.4	96.9	107.5	110.1	101.7	92.6	84.4	80.8	80	80.1	80	80.4	80.5	82.7	87.4	93.2	93.7	90.5	88.5	89.9	92.1	90.7	87	81.9	76.5	71.4	67.7	65.5	63	59.6	56.1	54.1	55.6	61.5	68.4	73.9	77.9	78.9
0	91.2	91.3	95.4	95.7	97.3	104	108.6	105.2	95.4	86.1	80.1	80.8	81	77.8	76.7	77.4	80	86.6	96.6	102.6	101.5	95.2	91	89.7	93.8	97.8	98.4	95.2	89.4	81.9	75.3	70.1	66.4	62.9	60.3	57.4	55.3	55.9	60.9	67.1	70.4	69.6	66	63	62	64.7	68.8	70.7
0	144.8	139.2	127.1	114.5	104.3	99.6	97.2	93	84.5	74.4	67.4	70.5	85.2	91.3	89.4	82.1	79.4	79.9	87.5	92.9	97.4	96.9	92.6	85.4	79.7	77	75.5	72.3	68	64.6	63	62.6	62.6	62.5	63.8	67	70.1	70.6	69	67.3	66.4	66.3	65.9	64.9	64.1	63.8	62.9	61.2
0	108	103.3	95.4	84.3	75.6	73.5	81.2	87.2	85.1	81.4	82.5	88.3	94	94.4	94.7	96.4	97.5	95.9	93.9	93.7	93.1	87.9	80.1	72.9	68.5	67.7	69.2	69.4	67.2	63.7	60.3	58.3	59.1	61.6	63.1	62.6	61.2	60.5	60.9	62.4	63.7	63.7	62.5	61.7	62.2	64.1	66.6	67.4
0	111.3	115.7	109.7	103	98.7	98	97.7	97.5	92.2	86	82.2	81.9	82.6	82.5	81	76.5	70.8	66.5	64.5	66.2	72.5	78.6	80.9	79.3	78.7	78.6	76	69.8	64.2	60.8	61.3	64	65.2	62.9	59.6	55.7	52.5	51.8	54.9	60.1	64.7	67.4	66.6	65.6	66.2	68.6	70.9	71.6
0	105.1	104.6	102.9	97	92.6	88.4	84.5	81.1	77.5	73.6	69.5	66.8	65.9	66	68.8	71.5	73.3	75.6	78.9	79.7	74.7	67.1	60.1	58.4	64.7	71.9	73.7	69.4	63.7	58.5	55.8	56.4	57.6	58.1	59.4	61	60.9	61.1	62	62.3	62.4	63.1	63.5	62.6	61.9	61.4	59.8	57.1
0	95.8	91.3	89	84.4	80.2	75.1	71.6	70.7	72.3	72.9	73.8	75.4	76.8	76	72.8	67.4	62.9	61.9	64.8	67.9	67.4	65.2	63	60.9	60.2	60.9	61.1	60.2	60.5	61.3	62	63.4	64.9	64.2	62.3	60.8	60.3	62.4	65.8	65.6	61.5	57.1	53.5	52.6	53.9	53.9	51.3	48.8
0	77.3	76.1	78.8	78.6	78	76.6	76.6	77.7	75.4	68.5	62.5	59.8	62.2	65.7	66	62.8	60.2	58.5	59.3	61.4	61.7	60.6	61.5	63.4	63.8	63.5	64.7	65.7	65.6	64.3	63.1	63.1	64.2	63.7	61.7	58.7	55.3	52.8	51.7	51.7	51.2	50	48.5	47	46.1	46.1	46.1	45.6
0	87.3	87.9	84.7	77.1	70.2	66.1	65.2	64.9	61.7	57.1	54.3	54.7	55.9	54.4	51.8	51.4	56.7	64.8	69.2	70.4	69	69.2	69.1	69.5	69.6	71.8	72.7	69.9	65.4	61.2	57.5	55.5	55.2	54.9	52.2	48.3	44.9	43.4	44.6	47.7	49	46.5	43.7	42.1	42.5	43.6	43.6	41.6
0	71.6	71.2	66.7	61.3	57.4	57.1	57.6	56	52.1	49.9	52.7	59.9	64.4	66.3	64.9	65.4	66.8	69.3	71.4	75.1	75.4	71	65.4	60.9	57.7	56.9	57.2	56	52.3	48.1	44.7	43.3	44	45.4	45.6	44.3	42.3	40.5	39.2	38.1	37.8	38.6	39.7	40.2	41	42	43.2	44.6
0	55.5	53.8	49.7	47.8	50.9	59.1	64.4	68.6	70.1	71.6	72.3	72.7	72.1	73.5	73.7	71.1	67.1	64.1	61.3	59.3	57.4	54.4	49.9	45.5	42.5	42.1	43.7	45.2	44	41.6	39.9	39.5	39.5	38.9	38.8	39.7	41.2	41.8	41.6	42	43.4	44.8	45.8	45.6	44.5	43.4	43.2	43.2
0	67.3	71.4	72.8	74.3	75.3	75.5	74	74.4	73.3	69.7	65.9	64.2	62.5	59.7	56.2	52.4	48.2	44.9	43.2	43.3	44.7	46	45.4	43.5	41.8	41.1	40.8	40.2	40.4	41.8	43.1	43	42.8	42.8	43	44.1	45	45.2	44.7	43.1	40.5	38.4	37.2	36	34.5	32.4	30.2	28.5
0	70.8	71.2	70.5	67.3	64.4	63.2	62.2	60	57	53.8	50.6	47.7	46	46	47.1	47.8	47	45.4	43.7	42.1	40.8	39.3	39.2	40.5	42.3	42.8	42.3	42.4	42.6	42.7	42.7	43.7	45	44.7	42.5	39.4	37	36.1	35.9	34.5	32.5	30.3	27.4	24.2	21.8	20.5	19.5	18.5
0	63.3	61	58.2	55.1	52.1	49.3	48	48.3	48.3	46.6	44	42	41.1	40.7	39.7	38.2	38	39.5	41.2	41.5	41.4	42.1	43.6	44.8	45.4	46.4	47.3	46.5	44.4	42	39.6	37.5	35.6	33.4	31.5	30.1	28	25.3	22.7	20.7	19.5	18.8	17.7	16.8	16.7	17.5	19	20.2
0	46.5	46.7	46.9	46.2	44.4	43	42.6	42.3	41.3	40.2	40.7	42.1	43.6	44	43.4	43.2	44	44.6	44.5	44.8	45.6	44.5	42	39.3	37.4	36.8	36.6	34.8	32.2	28.7	25.1	22.7	22	22.3	22.2	21.2	18.5	17.2	18.6	22.3	25.1	25.1	24.6	23.8	22	18	13.9	11.4
0	45.4	44.9	43.3	41.6	41.4	42.5	43.9	44	42.5	41.5	42.3	44.1	44.7	44.5	44	42.8	40.9	38.5	36.9	37.3	38	35.9	32	28.4	25.2	22.9	21.1	19.9	19.4	19.6	18.7	17	18.1	24.3	31.7	35.8	34.7	30.6	26.9	21.5	17.2	14.9	16.3	21	25.9	27	24	21
0	46.4	46.4	44.8	43.5	43.7	44.5	44.4	44.4	44.4	43.3	40.8	38	36.1	35.4	35.1	33.8	31.5	29.4	27.9	26.5	25.5	24.8	23	19.3	15.8	14.6	18	24.7	28.5	29.1	26.6	24.7	21.1	16.9	12.2	10.1	13.5	20.1	23	23.8	22.8	22.5	22.6	24.1	24.7	26.4	28.5	29.1
0	38.4	38.6	39.6	39.6	38.4	36.3	34.8	34.5	36	36.8	35.7	34.3	32.9	31.2	29.2	26.9	23.5	20.4	19.4	20	21.4	22.7	23.7	23.3	19.8	15.1	10.3	7.5	7	8.6	11.9	16.5	19.6	21.3	23.5	28.2	32.4	33.2	29	23.6	18.5	17.1	22.5	31.7	38.4	42.2	40.4	37.9
0	31.7	31.5	33.7	35.3	34.8	33.9	33.3	31.8	30.4	29	26.5	23.7	22.3	21.3	20.5	19.4	18.8	19.1	17.4	13.1	9.4	8.1	8	7.9	8	8.1	10.5	17.3	22.6	24	22.4	22.6	21.9	19.6	16.9	16.7	21.6	30.4	37.2	41.3	42.5	42.4	41	38.7	38.1	40.5	43.1	44.4
0	22	20.9	21.1	21.5	20.8	19.2	19.5	20.9	24.4	28.4	29.9	27	22.9	18.7	15.4	13.2	10.4	7.9	6.6	5.4	5.7	10	16.6	19.8	18.6	15	13	14.6	21.7	26.2	30.7	34.5	39.7	43.5	47.5	49.4	50	49	46.8	44.7	44.6	47	50.5	52.1	49.7	45.7	43	42.2
0	12.8	14.6	19.8	25.3	29	27.7	23.5	19.5	16.7	15.8	14.1	12.8	13.2	14.7	17.2	19.2	18.9	18.8	20.8	19.1	14.1	12.2	13.8	17.6	21.9	26.9	31.2	39.6	46	47.5	43.2	40.1	38.3	39.6	44.7	49.5	50.8	49.5	48.1	46.6	45.7	46.2	45.8	42.9	40.1	38.7	38	38.7
0	14.7	11	9.3	9.8	9.6	9.1	9.2	9	10	15.4	24.7	32.4	35.1	29.3	23.6	19.2	18.3	22.1	28.2	34.1	40.4	43.4	41.9	39.3	37.7	36.1	37.2	42.8	48.6	50.2	50.5	52.2	53.4	52.3	50.2	49.3	50.3	50.8	48.2	45.1	44.1	45.4	46.4	43.5	39.8	36.8	34.7	32.4
0	0.2	0.2	2.3	9.2	19.6	28.7	32.3	26.5	20.9	18.7	21.6	30	37.5	44.3	48.2	48.6	45.8	42.8	39.7	37.3	35.9	37.7	42.8	47.1	49.2	49.2	47.7	45.5	44.4	45.3	48.2	50.6	51.3	51.8	52.4	52.4	51.5	48.9	45.4	41.7	38.5	36	33.7	31.4	29.8	28.5	27.9	29.1
0	-3.3	-7.5	-9.5	-5.6	6.7	17	27.5	36.4	47.2	59.2	65.7	62.3	55.8	52.7	52.6	56.9	58.5	56	52.3	49.3	46.4	43.8	40	36	34.1	33.9	33.9	35.3	36.9	36.4	34.9	35.1	37	39.3	41.1	41.9	41.1	39.1	37.3	36.6	37.5	38.6	38.3	38.3	38.3	39.6	41	39.9
0	23.5	32.7	44.4	56.7	64.5	62.5	55.7	53.9	54.7	59.2	61.2	61.1	57.7	54.2	49.7	45.7	41.4	38.3	37.4	38	37.2	35.6	32.8	29.3	27.8	30.5	36.1	38.7	38.3	36.1	34.8	33.6	34.7	36.7	39.6	41.8	42.3	39.7	36.9	35.2	36.1	38	37.8	35.1	32.2	30	29.5	30.7
0	40.4	39.2	43.9	53.7	60.1	62.9	57.6	54.2	52.1	54.5	54	50.4	47.4	44.9	42.9	42.2	42.4	41.2	38.7	35.9	32.7	30.6	31	31.5	30.5	30.5	31.8	32.3	30.3	29.4	31.2	36.6	41.3	43.5	41.2	38.6	36.8	35.2	34.9	37.7	41.4	41.9	39.3	36.7	35.1	35.6	37	38.6
0	49.9	46.6	46.3	51.7	54.1	50.9	47	44.1	42.5	44.1	46.2	44.6	42.1	39.9	37.3	35	33.3	32	31.1	31	30.2	28.4	26.5	25.6	26.7	30.3	35.4	38.7	37.7	33.8	29.7	26.3	27.9	36.3	43.9	47.4	45.8	45.1	48.2	54.2	56.8	53.2	48	42.8	39.8	38.3	38.4	39.5
0	46	43.2	42.6	46.8	50.9	47.9	43.5	39.3	35.2	33.2	33.4	34	34.1	33.7	32.3	30.2	27.9	26.3	27.2	32.7	40.6	45.2	44.1	37.8	32.1	26.9	25.9	31.4	40.8	46.5	51.8	55.5	58.9	56.8	53.1	48	44.2	42.4	42.5	41.4	39.9	39	37.7	36	35.9	38.3	41.6	44.7
0	42.7	38.6	34.9	33.1	33.7	34.1	34.7	35.5	35.6	34.1	31.7	29.5	28.9	32.2	38.3	40.3	35.3	30.4	28.3	30.2	36.7	44.1	51.8	58.1	62	62.9	61.1	58.6	56.2	52.7	47.5	42.3	37.5	33	28.3	24	21.2	21.4	24.2	29.6	36.2	42.2	45.1	44.6	46.9	56	67.4	76.8
0	34.6	35.2	34.9	33.5	32	29.5	28.2	29.7	35.3	39.7	39.8	36.5	34.3	33.5	35.8	42.5	50.6	57.4	61.9	62.2	60.1	58.2	54.6	49.4	44.6	41	38.2	36.1	33.8	30.6	28.5	29.1	33.7	41	47.7	52.6	54.6	55.3	55.6	54.3	51.7	48.9	47.7	48.6	50.4	52.6	55.1	54.9
0	28.7	30.3	36.6	41.6	41.4	36.9	33.4	31.1	33.1	43.6	54.3	62.5	66.5	65.5	61.9	57.4	52.1	46.7	42	38.4	35.4	32.4	29.2	26.9	27.9	33.6	39.4	43.3	46.7	50.2	55.8	64.3	72.4	75.2	70.8	64.1	56.5	50.4	49.5	54.4	57.3	53.7	49.3	48.5	56.5	69.7	78	78.8
0	26	24	28	40.7	52.6	61.5	63.9	60.4	57.7	57.3	55.5	49.3	42.8	38.5	36.3	34.6	32.2	29.1	27.7	29.8	34.5	39.4	44.5	49.5	53.1	51.5	45.9	41.4	42.3	54.5	64	67.3	61	55.3	50.9	49.3	49.5	53.3	60.4	68.5	74.2	73.5	67.8	63.3	61.2	62.1	62.9	63
0	73.3	69.8	68	68.9	67.1	58.8	50.4	43.7	38.6	34.3	30.8	27.2	25.2	25.8	29.7	35.4	38.9	39.5	39.9	45.5	54.5	60.5	60.2	56.4	54.8	54.6	54.9	53.8	54.4	57.3	61.8	65.8	68.3	67.7	66.2	64	62.1	61.3	62.7	62.8	59.9	55.9	53.3	53.3	56.2	59.4	60.1	59.4
0	43.7	37.2	33.9	31.6	29.9	26.9	25.5	28	35.2	42.3	49.1	52.9	53.1	52.3	53	54.1	56.3	58.7	60.1	58	53.9	50.4	50.5	52.9	56.9	62.7	66.7	65.4	62.1	60.6	58.5	58.1	60	63.2	63.8	62.9	61.9	61.9	65.1	71.6	75.4	73.7	69.7	66.4	62.8	60.4	59.8	61.4
0	33.7	35.8	43.4	50.7	56.2	54.8	49	47	49.2	55.6	61.1	64.6	61.6	57.3	53.8	53.2	55.9	60.5	63.8	65.7	66.8	69.1	71.1	71.5	70.8	71.7	73.9	74.6	70.2	64.3	59.8	60.5	66.8	71	71.1	68.6	66.5	64.5	64.6	66	68.3	70.6	72.3	71.8	70.6	69.5	69.5	68.6
0	39.4	37.6	42.1	50.6	58.7	64.2	61.6	56.5	53.8	53	54.1	55.7	57.7	61	66.3	69.6	69.4	67.3	64.4	60.4	57.6	55.4	53.1	51.2	51.9	56	60	60.7	58.2	55.4	53.2	54	58.6	63	64.2	65	66.7	66.8	65.2	63.5	61.3	59.7	59	58	55.3	52.9	51.9	52.8
0	70.4	64.9	60.7	58.7	60.1	62	64.1	68.1	70.9	69.3	66.9	64.8	62.2	59.5	57.1	54.9	51.4	48.8	49.2	55	61.3	64.7	64.4	62.2	59.8	58.1	58.8	60.2	62.3	67.7	75.8	81	81.2	77.2	72.9	69	66.2	64.3	63	61.2	59.1	56.8	54.9	52.9	51.7	52.1	52.8	50.8
0	70.6	74.1	76.9	74.6	70.8	67.2	63.1	59.7	56.6	54.8	52.3	52.1	57.2	64.8	67.5	64.8	61.6	60.2	61.2	65.7	71.4	72.9	68.9	66.6	66.4	67.9	68.8	70.4	71.4	70.7	67	61.2	54.3	49	47.2	49.4	52.5	54	53.2	50	46	42.6	40.2	39	40.1	43.7	47.4	48.6
0	77.8	73.8	69.7	66.7	61.6	57.9	58.3	63.1	63.8	60.4	58.7	59	63.3	68.6	70.9	69.4	66.7	63.6	62.2	63.3	66.3	68.1	67.5	65.6	63.3	60.3	56.7	53.5	52.9	55.3	59.2	60	57.1	52.9	49	46	43.6	42	40.6	39.6	41	45.3	50.5	54	55.6	55.5	54.4	52
0	69.1	73.3	72	67.3	62.8	59.6	59.5	60.9	58.6	55.1	53.7	55.1	59.2	61.8	60	56.5	56	59.8	65.8	67.7	65	62	60.4	60.2	60.1	58	55.3	53.2	51.9	49.1	46	43.2	40.7	38.7	39.1	42.7	46.9	49.9	51.6	50.5	48.2	46.4	45.2	43.3	42	41.1	40.3	39.1
0	74.2	75.1	72.2	68	64.9	63.9	64.3	64	59.3	53.9	51.4	54.7	60.9	62.5	57.9	54.5	54.1	58.1	62.3	63	61	59	56.4	53.5	51.3	49.6	47.9	45.9	45	45.3	46.1	46.7	48	49.2	48.4	45.9	43.1	41.3	41.4	41.8	41.2	39.6	38.4	38.7	41.4	45	45.3	42.1
0	88.3	87.4	80.3	72.5	66.5	64.8	63.5	59.4	51.4	44.7	42.8	49	54.7	54.6	50	47	46.2	47.6	48.9	49.7	49.4	48.6	48.6	52	58.8	63.9	64.8	60.3	55.8	51.3	48	45	43.1	41.2	38.5	35.1	32.6	32.2	33.6	34.5	33.9	32.8	31.8	31.1	30.7	31.1	32.9	37
0	72.2	67.8	59.4	52.6	50.1	54	57.4	55.7	49.9	45.2	42.8	44.3	47.2	49.8	50.8	50	49.5	52	56.5	58.7	57.9	55.8	53.8	52.2	50.8	47.6	44	40.6	38	35.7	34.7	35.3	36	35.5	34.2	33.7	33.6	33.3	33.2	33.6	35.6	39.3	43.2	45.5	45.8	45.5	44.1	42.3
0	68.6	66.3	59.3	53.8	50.3	50.5	50.9	50.3	47.5	43.4	41.3	44.6	51.3	54.5	54.3	51.6	50.4	49.2	48.7	47	45.9	44.2	42.2	40.1	38.8	38.6	39.5	40.1	39.3	38.4	37.5	36	33.8	31.8	32.1	35.2	39.2	41.2	41.5	41.1	40.3	39.2	38.2	37.3	37.1	36.7	35.4	33.6
0	62.1	61	56.8	51.6	47.8	49.6	54.6	56.7	52.7	47.3	43.5	43.1	45	45.4	43.8	41.8	39.7	38.2	38.4	41.2	44.9	46.2	44.9	43.7	42.3	40.3	38.1	36.2	36.2	39.4	43.7	44.6	42.8	40	36.4	34.4	34.8	37.2	38.8	37.6	35.4	33.5	33.4	35.4	37.6	37.6	36.6	35.5
0	63.6	65.3	59.9	53.6	48.3	46.4	46.4	45.1	41.6	37.3	34.2	33.6	35.6	39.1	41.1	40.9	40.6	41.6	41.9	41	38.8	37.3	38.8	44.2	48.3	48.5	46.3	43.3	39.7	37.6	37.2	37.8	37.3	35.4	32.9	31.2	31.2	33.1	35.4	36.5	36.6	36.2	35.6	35.2	35.7	36.1	36.5	39.1
0	51	49.5	45.3	40.6	36.9	35.8	36.8	38.6	38	36	35.3	37.5	40.1	40.1	37.7	35.4	35.7	40.3	45.4	47.8	47	44.2	41.5	39.9	39.9	40.3	39.5	36.9	34.5	33	33.4	35.3	37.1	36.7	35.2	34.2	34.1	34.6	35.4	35.7	36.2	38.1	42.6	48.6	53.7	58.1	62.1	66.9
0	39.8	41.5	40.6	38.2	37.6	39.2	40.2	38.7	35.4	32.3	33.5	40.8	46	46.9	44.1	41.7	39.4	39.4	40.3	40.5	38.7	36.4	35	35.3	37.2	39.1	39.6	38.9	38.1	37.3	37	37.7	38.7	38.2	37.2	36.8	37.6	41.2	48.7	57.1	67.1	76.6	83.6	84.3	77.7	69.9	62.2	56.6
0	43	41.3	37.8	34.6	35.8	42.3	46.6	46.8	43.6	40.5	37.8	38	39.5	40.7	38.7	35.4	32.9	32.4	33.8	36.2	38.8	39.6	38.3	35.8	34.1	34.4	36.7	38.4	38.4	38.4	39.6	43.4	49.3	53.7	57.9	63.1	68.4	70.1	68.5	63.1	56.8	51.9	49.5	50.2	53.5	55.2	53.3	51.4
0	36	36.7	35.3	33.5	32.6	34.5	38.5	41	41.8	41.7	41.4	40.4	40.7	41.8	44.1	44.9	43.4	41.1	39.5	38.7	37.5	35.4	33.7	33.8	36.7	42.8	50.5	56.4	59.1	58.5	56.7	54.3	53.7	52.1	48.8	46.7	46.9	49.9	52.7	51.9	49	48.5	51.8	56.3	56.8	53.7	49.3	46.5
0	39.1	41.5	42.2	41.7	41.2	39.9	39.9	40.7	42.8	43.6	42	39.9	38.2	36.3	33.9	31.5	30.9	32.1	35	39.5	46.5	53.8	57.9	58	56.3	53.6	50.4	48.6	47.8	48.9	53.2	55	52.7	51.3	50.9	50.8	51.9	55.4	56	53.4	51.4	51.4	53.2	54.5	55.9	56.3	55.5	54.1
0	27.9	29.2	33.9	37.5	38.4	36.4	35.3	34.1	34.8	38.1	41.5	40.5	40.9	47.6	59.7	69.8	80.1	84.8	81.4	72.6	64.5	56.7	52.8	52.6	54.7	53.8	51.3	49.2	47.8	45.9	44.8	46.2	51.3	56.1	57.4	56.5	56.6	56.2	56.3	57.3	59.6	60.7	58.1	53.6	49	46.9	48	49.9
0	33.2	32	33.1	36.6	40.3	39.8	40.8	48.1	60.1	68.8	75.3	76.2	73	66.7	60	53.1	48.9	49.3	52.9	51	47.9	47.6	49.6	50.6	50.9	51.5	51.2	51.4	53	58.3	63.1	65.1	63.6	62.1	60.7	60.5	59.3	55.8	51.7	48.4	46.2	45.2	44.6	46	52.2	59.7	64.4	63.7
0	27.9	35.6	50.2	61.2	69.2	68.1	63.5	59.9	57.5	57.6	58.1	58.1	59	58.8	56.8	54.6	53.2	52.5	52.1	53.3	54.2	53.7	52.6	53.3	54.5	55.1	56.1	57.4	57	56.3	55.5	55.6	54.4	51.8	48.9	48.2	51.1	57.4	63.1	65.1	62.3	59.3	56.3	52.4	48	44.7	42.8	40.9
0	63.8	60	56.8	57.2	57.2	57.2	56.6	56.9	55.5	55.1	54.8	54.5	54	56.1	57.2	55.3	53.6	54.5	56.6	58.2	59.9	60.7	60.1	59.2	58.5	57.3	55.4	53.9	51.9	50.7	51	54.6	58.8	61.7	62.5	60.8	56.4	50.2	44.7	41	39.3	37.3	33.1	28.2	24.3	22.5	24.5	31
0	54.8	55.1	54.8	55.3	54.7	52.4	51.8	54.7	57.4	59	60.8	61.6	62.6	63.1	62.4	60.1	60	61	61.1	60.5	59.7	59.5	59.6	58.5	56.5	56.3	58.8	63.2	66.7	64.6	58.6	51.7	44.4	39.6	37.6	35.7	31.7	27.3	22.9	20.8	23.1	29.1	33.2	34.8	33.8	33.8	35	40
0	60	62.5	64.5	65	64.7	62.7	61.6	61.9	60.7	57.3	56.7	59.2	63.6	66.5	66.5	63.8	59.7	56.7	56.6	58.5	60.5	64.8	72	73.9	67.1	58.6	50.2	44.1	41.6	40.6	37.1	31.8	26.6	23.2	22.9	26	31.8	35.2	34.9	32.7	33.2	36.8	45.1	51.3	55.5	54.9	52.9	51
0	69.5	69.3	67.7	63.8	61.9	62.3	64	64.3	61.3	58.1	54.9	52	52	54.3	55.8	57.7	62.3	63.9	59.7	53.8	48.3	45.4	44.8	43.6	39.1	33.9	29.3	27.3	29.2	34.5	39.2	40.6	37.2	34.4	34.1	39.8	47.5	51.5	51.3	48.1	46.4	45.1	47.9	52.9	56	53.8	50.2	46.6
0	81.5	80.8	74.9	70.2	64.9	62.7	61.8	60.2	54.5	49.3	48.2	54	57.8	53.5	47.4	43.4	40.8	38.6	34.9	31	27.4	25.8	28	36.6	43.8	46.6	42.7	39.6	40.2	47	53.7	55.3	52.1	49.3	48.5	49.4	52.8	56.7	57.8	56.2	54.8	52.6	52.1	53.2	55.3	57.3	61.6	65.8
0	81.5	79	70.4	62.6	58.1	60.3	61.7	55.4	46.5	37.5	31	29.7	30.2	28	22.7	19.1	21	32.7	40.9	47.2	47.3	45.5	46.6	52.4	58	60.2	58.3	54.8	52.5	52.1	54.3	57.1	58.1	55.1	51	47.3	46.5	48.3	52	54.4	55.9	57.7	62	69.1	75.4	78.6	79	75.9
0	63.2	56.9	47.8	38.5	31.9	30.1	29.9	27.9	23	19.3	20.2	29.5	37.6	44.6	48.5	51	55.5	60.9	61.6	59.7	58.9	57.7	57.8	59.2	60.8	61.7	61.4	57.9	53.8	51	49.1	46.9	45.7	46.3	49.2	53.4	56.6	58.8	59	56.7	55.2	56.9	62.2	67.5	69.8	66.9	64.2	63.3
0	35.5	33.3	27.7	23.3	23.6	32	40.3	46.9	49.6	48.3	50.2	57.9	62.7	63	61.3	59.3	57.3	58.5	61.6	63.8	64	62.7	58.5	53.7	50.1	49	49.6	52.2	55.8	59	60.1	57.9	55.5	52.9	51.4	51.3	53.7	56.7	57.8	57.4	59.4	63.2	68	70.4	67	61	55.8	52.6
0	34.6	41.3	45.2	44.9	48.3	57.2	63.1	64	60.5	58.2	56.8	58.3	62.9	68.5	69.3	64.5	57.9	51.2	46.9	45	44.5	45.1	48.6	53.8	57.1	57.1	54	52.4	52.2	52.1	52.2	56.5	61.9	63.9	62.9	64	67.4	69.1	66.3	61.4	55.2	49.2	44.2	39.3	34.7	30.8	28.2	26.5
0	51.8	53.2	52.5	53.4	55.3	57.7	61.4	65.5	68.5	68.7	63.6	57.2	52.9	52.4	53.3	52	52.1	54.4	56.7	56.9	55.6	53.4	50.9	49.1	49.1	52.2	56.8	61.3	64.2	65.8	67.3	68.2	65.8	61.3	55.9	50.3	44.6	39.7	35.7	32.7	31.2	31.1	31.3	30.6	29.3	27.3	25.7	26.6
0	59.8	63.8	67.3	67.9	62.8	56.3	51.9	52.2	55.5	56.9	58.3	61.1	61.4	58.7	56.5	54.9	53.8	53.6	54	54.7	55.8	58.6	60.7	60.9	63	67	66.6	61	55	47.9	42	38	35.4	31.9	29.1	28.9	31.6	34.2	33.6	30.6	28.4	28.7	32.1	36.9	40	41.3	40.6	39.8
0	43	43.5	49.4	53.9	58.1	61.4	61.4	59.5	59	59.3	61.4	64.7	66.8	65.7	64.4	63.6	63.3	64.4	68.3	70.6	66.9	60.6	53.4	45.5	38.7	33.5	29.7	27	25.5	25.7	26.9	28.4	30.2	31.7	32.1	33	35.3	37.9	40.4	43.2	44.5	43.8	43.4	44.2	45.6	45.9	44.7	41.6
0	55.8	53.7	53.6	54.3	56	58.8	60.3	59.6	61.6	65	67.6	70.1	73.4	71.9	66	59.5	52.3	45.4	40	36.3	32.2	28.2	25.5	24.5	24.7	26.3	28	28	28.2	29.7	31.3	33.2	36.3	39.5	40.7	41.2	43.1	45.5	46.5	45.8	43.5	39.7	36	32.6	29.8	27.9	27.6	28.5
0	60.3	59.8	62.6	66.8	68.6	68.9	70.5	69.3	64.6	58.7	52.3	45.3	39.1	34	29.6	26.2	24.3	24.3	25.9	28.9	31.1	31	30.8	31.5	32.8	33.9	35.7	38.7	41.3	43.2	44.7	46.7	46.5	43.8	40.2	37.2	34.4	31.8	29.3	27.2	26.8	27.8	28.1	27.2	26.7	27.9	30.8	34.6
0	62.5	62	58.9	54.2	48.8	42.3	36.8	32.2	29.9	29.5	30.8	30.7	29.6	30	32.4	33.4	33.4	34.2	35.8	35.8	35.1	35.1	35.3	37.9	43	46.8	46.1	43.3	40	36.1	32.5	29.8	28.3	28.5	29.4	28.6	27.8	28.2	29.6	30.2	30.8	31.7	33	36.5	41	46	52.6	58.7
0	44.3	39.2	35.4	33.6	32.8	32.1	31.7	32.2	32.9	31.6	29.4	29.1	31.3	33.6	34.3	35.2	37.1	39.5	41.7	44	44.8	43.9	41.7	39.1	35.3	31.7	29.6	29.2	30.3	31.9	32.6	31.5	29.6	28.5	29.6	32.2	35.3	38.2	40.7	43.6	47.4	49.1	47	45.7	45.3	44.2	42.1	39.5
0	20.5	21.6	25.1	26.2	25.7	27	31	34.7	38.8	43.8	46.7	45.6	43.9	44.5	47.1	49.5	47.7	44.2	39.3	34.1	29.7	27.2	26.1	26	25.7	23.9	22.6	23.8	26.1	28.2	30.3	32.1	33.9	37.2	42.7	49.9	52.9	49.4	46.6	47.2	48	44.4	37.7	31.3	26.8	24.2	21.6	20.1
0	30.7	34.5	37.9	43.3	46.2	45.4	44	45.2	48.4	50.5	47.8	43.8	38.7	34	30.1	27.4	26.2	26.8	27.6	26.3	23.8	23.5	26.7	32.9	37.2	39.5	40.1	42.4	46.2	49.9	48.8	45.7	44.6	46.6	48.9	45	38.7	32.1	27.1	24.7	25.3	28.3	30.4	31.7	34.3	41.5	51	60.1
0	31.5	33.2	39.5	44.4	44.9	41.1	36.5	32.2	30.2	31.5	33.4	33.7	32.6	31.7	31.8	31.7	30	29	29	30	32.3	35.7	37.5	37.8	37.5	35.8	34.8	37.6	41.3	38.6	33.3	29	26	25.5	28	34.6	40.6	45.4	48.8	53.9	57.5	58	56.2	53.9	51.9	51.1	48.4	44.1
0	32.7	28.6	27.3	29.6	33.1	34	33.3	33.3	33.5	33.8	33.9	34.5	36.1	38.4	38.6	37.7	37.5	37.6	37.3	35.5	34.1	35.5	38.1	34.8	28.1	22.1	18.2	17.8	22.4	30.5	35.8	39.2	40.3	42.2	41.9	41.9	42.4	44.5	45.6	44.4	40.2	35.8	33.6	35.1	37.7	38.5	35.8	32
0	23.9	24.1	25.7	27.7	29.8	31.7	33.7	37.4	42	46.4	47.9	44.8	41.3	38.9	39.2	42	42.8	37.4	31	24.6	19.5	16.6	17.5	21.8	25.7	27.7	26.8	25.2	25.6	28.7	32.4	32.9	32.3	33	35.1	36	35.7	35.8	35.9	35.1	33.6	32.1	30.3	29.4	28.9	27.2	25.4	27.5
0	26.3	30.1	36.1	42.3	45.7	43.2	39.6	38.4	41	47.3	48.7	42.6	35.5	28.8	23.5	21.3	21.6	23.2	25.6	27.9	28.4	30	33.1	33.9	31.1	29.2	27.6	26.6	26.5	27.7	29.6	32.8	36.1	35.9	33.8	31.7	29	27	28	31.9	35.7	38.8	40.8	41.2	40.8	41.6	45	51.5
0	44.3	42.9	45.1	50.3	50.8	43.9	36.1	28.9	23.3	19.8	18.3	19.3	23.1	26.3	26.5	26.9	29.5	33.4	36.1	36	32.5	29.5	27.8	28.1	29.3	31.2	32.9	31.9	29.4	26.7	24.3	23.7	25.5	27.3	26.1	25.8	29.1	38.1	46.7	52.1	51.3	49.7	51.5	53.5	54.6	55.4	60.1	65.2
0	23.2	16.4	12.2	10.7	11.7	16.1	21.6	25.8	30.3	37.8	43.4	44.2	41	39.3	38.1	37.5	35.5	33.8	33.4	34.2	34.5	32.7	29.6	26.1	23.5	22.5	23.3	24.8	26.4	30.6	37.7	44.5	49.2	50.5	52.2	56.3	58.8	56.8	54.4	55.2	60.6	64	61.8	59.2	59.5	63.9	70	75.2
0	17.8	22.2	27.4	35.1	40.5	41.6	39.7	39	38.4	38.5	37.3	35.6	34.9	35.4	35.9	33.6	30.3	26.6	24	23.9	26.2	27.9	28	28.9	31.9	38.9	44.2	47.8	52.6	58.8	60.8	57.6	53.5	53.9	64	69.2	65.7	60.1	60.9	67.7	74.9	78.2	76.8	72.3	67.7	63.6	61.6	60.2
0	19.7	19.5	22.6	27.3	30	30.4	31.3	33.4	39	44.9	45	39	34.6	32.4	34.3	37.2	37.8	39.7	44.3	43.3	38.1	37.5	46.1	54.2	54.1	48.2	43.3	44.4	55.4	60.2	56.7	52.7	54.8	61.7	70.6	78.6	82.1	77.8	73.3	71.5	73.1	75.8	74.5	68.9	63.6	60.1	58.3	56
0	23.3	25.6	32.7	39.7	41.8	36.8	33.2	31.8	35.2	40.7	42.2	42.2	43.1	42.8	41.9	43.9	50.3	54.8	52.4	46.5	41.2	40.1	48.3	54.1	55.8	59	65.5	69.3	73	80.2	86.1	85.5	81.1	76.5	74	75.5	77.1	73.7	68.7	64.6	60.7	58.2	58	59.6	60.7	60.1	57.3	53.7
0	23.9	22.9	27.9	35.2	38.2	39	39.6	41.9	45.7	52.6	59.5	66.2	66.2	60.2	53.6	49.6	52.5	59.4	63	66.3	71	73.9	73.4	72.5	70.2	67.6	66.4	68.3	71.6	73.3	70.4	65.3	59.4	55	53.7	57.8	64.6	68.9	68.9	63.9	59.1	54.8	53.3	52.5	52.6	53.5	54.4	52.5
0	43.7	46	49.1	54.8	61.4	68.2	67.9	60.7	53.1	48.1	48.9	56.2	60.7	60.1	58.1	58.4	60.5	69.7	80.3	85.6	85.3	82.6	80.2	77.8	76.9	73	65.5	57.4	52.1	51.3	56.1	63.2	68	66.8	60.6	55.6	51.9	51.8	53	54.3	53.1	50.6	46.5	42.1	38.3	36	34.8	34.4
0	56.1	49.4	43.3	39.3	43.3	54.4	60.4	63.6	65.8	69.9	70.4	71.7	74.2	78.1	83	87.9	88.3	83.8	76.8	68.4	60.4	55.3	53.4	55.3	58.2	58.5	56.4	53.3	49.4	46.5	46	47.5	50.4	53.4	52.9	48.7	43.5	38.9	37.2	39.5	42.9	41.6	39.4	40	45.7	54.9	60	59.6
0	72.1	74.7	74.3	75.4	72.8	74.1	77.3	80.7	80.6	78.6	76.4	75.9	73.9	67.9	60	53.9	50.9	52	55.1	57.8	59.2	58.8	56.2	52.6	49.5	48.5	50.7	55.3	57.6	54.9	50.5	45.4	41.1	38.8	38.8	38.8	37.9	39.2	43.9	49.3	50.3	48	45.2	45.3	51.7	62	72.8	81.8
0	91.8	94.8	94.4	92.1	86.6	82.5	78.5	73.3	63.7	54.9	49.3	49.7	54.6	58.4	57.7	54.5	52.1	50.7	50.6	51.4	54.8	57.9	58.9	57.3	54.1	49.6	45.9	43.2	41.4	40.9	42.7	48.8	56.4	60.2	59.2	54.7	50.6	48.7	53.6	62.8	71.2	78	77.4	70.6	64.9	60.9	60	59.7
0	98.7	92.5	79.4	68.6	60.3	58.3	59.5	58	51.1	42.8	36.2	35.2	39.5	45	47.6	48.6	48.4	48.4	48.2	48.8	48.8	47.8	47	47.7	49.6	54.4	61.7	68	72.6	74	69.1	62.9	58.8	60	66.5	68.7	62.5	54.2	45.9	39.2	37.5	42.5	48	46.6	42	38	34.8	35.2
0	77	74.7	66.5	56.8	48.1	44	42.9	44	42.1	39.3	38.3	42.2	48	50	46.5	42.8	42	46.1	56.6	67.6	76.5	78	71.4	66.4	63	65.1	71.4	75.7	73.4	67.7	61.3	56.7	58.8	63.7	59.8	51.4	44.7	41.3	42.6	42.3	39.3	37.5	39.6	42.1	40	37.1	38.9	48.5
0	55.8	56.5	52.7	48.7	46.9	48.6	49.8	47.7	42.1	35.2	31.9	36.7	49.8	61.8	73.5	79.9	79.9	73.3	67	62.1	62.8	69.1	76.9	78.6	71	61.6	52.3	43.9	36.9	31.8	29.5	28.8	27.7	28.2	36.3	47.6	58.3	68.7	75.7	80.2	79.1	75	70.9	71.3	76.5	79.7	78.2	75.3
0	58.8	56.4	50.4	43.1	39.2	41.9	53	66	77.1	80.5	75.5	71.4	69.9	73.6	77.5	74.8	68.4	62	58.3	65	76.2	75.4	64.2	53.4	43.9	41.2	47.1	53.9	59.4	64.2	62.3	57.9	54.6	52.2	50.4	51.4	57.2	63.9	67.6	66.8	64.4	62	58.7	55.3	51.3	47.2	43.9	42.7
0	56.6	69.3	79.9	81.3	74.3	70.5	69.8	78.5	87.1	88.5	78.5	68.7	60.7	63.8	80	82.5	71.9	61.3	54	52.6	63.5	70.6	69.2	66.1	65.7	61	54.9	49	44.8	42.9	49.9	59.8	64.4	64.8	62.2	59.5	55	52.3	48.3	45.1	43.7	46.1	48.2	45.4	42.2	39.7	37	34.7
0	61.4	69.8	80.4	82.3	73.4	64.7	59.2	62.4	75.7	84.8	85.7	75.7	70.3	69.1	75.6	77.2	74.1	68.7	65.9	63.2	58.8	51.5	47.9	50	58.1	62.9	67.7	69.6	67.5	62.8	59.3	55.1	50.7	46.5	42.6	40.8	42	43.4	41	36	31.1	27.3	26.1	27.9	33.2	38.9	43.1	44.9
0	59.3	62.3	75.4	83.8	81.8	72.9	70.9	73.5	82.1	82.2	76.3	70.3	67.5	64.9	61.4	58.6	60.6	67.4	71.2	71.1	69.8	69.8	68.1	67.8	69.2	68.4	62	54.1	45.8	40.4	40.2	41.7	38	31.8	26.2	21.1	18.4	20.9	28.2	34	39.7	43.5	45.4	45.2	46.1	46.5	46.7	47.7
0	83.6	85.6	95.1	94.2	87.8	80.1	76.8	76.4	71.8	64.4	61	62.2	68.1	74.7	81.3	83.7	79.7	74.5	68.6	61.7	54.8	48	42.9	41.9	44.2	42.5	36.8	31.2	26.4	23.2	23.3	27.3	31.3	32.6	32.8	36.7	44.9	52.7	58.3	57.1	51.5	46.5	43.6	44.5	48.7	53.8	56.7	57.4
0	88.3	87.3	83.1	75.5	71.8	71.3	74	83.5	90.6	92.2	83.5	74.8	65	56.6	50	45.3	42.1	40.2	39.2	36.5	32.5	28.5	25.8	24.4	24.9	27.6	31.3	34.4	38.1	44.2	51.5	56.6	57.6	53.9	49.5	44.7	42.4	41.8	41.9	42.4	43.7	45.3	47.7	51.1	54.2	55.5	55	55.4
0	90.1	98.6	103.7	100.7	92.2	82	69.8	60.6	51.3	42	35.9	36.4	39.4	35.2	28.5	23.1	18.3	17	22	31.3	36.5	40.3	42	47.4	53.9	61.7	64.6	61.9	57.3	54.2	51.8	49.8	47.8	45.4	42.3	40.2	39.6	41.2	42.5	42.1	40.7	40.3	41.9	47	53.7	59.3	62.3	60.5
0	81.8	72.3	62.7	52.9	46.1	44.1	42.9	38.1	30.8	23	16.7	14.5	19.5	27.5	31.5	34.3	36.4	43.7	51.7	60.7	65.1	64.6	61.3	59.1	56.2	54.3	52.8	51.4	49.4	48.5	47.7	46.9	45.2	42.9	40.3	39.8	45.2	54.2	59.5	61	59.2	59	57.3	57.1	58.7	61.6	60.2	56.9
0	47.9	42.9	35.4	27.1	19.9	16.7	19.9	27.8	30.9	32.3	33.5	41.3	49.9	59.5	64.7	64.5	61.2	59.8	58	57.4	56.9	56	53.3	51.6	51.1	51.5	50.3	47.7	45.6	45.3	47.6	52	54.6	54.9	55.7	55.5	52.7	51.8	53.5	56.1	55.2	52	48.9	48.7	50.8	49.9	47.1	46.4
0	26.1	33.7	36.3	36.6	36.9	43	51	60.3	64.6	62.5	58.6	56.7	54.8	53.9	53.5	52.8	50.5	48.9	47.5	46.7	45.2	43.4	42.7	45.8	52.8	57.5	57.4	53.7	53.6	54.6	55.9	56.4	57.7	57.4	56.2	52.7	48.6	46.5	46.7	44.6	41.3	37.5	34.2	35.2	44.1	51.8	57.4	60.2
0	52	61.2	65.2	62.4	57.9	55.7	54.2	53.6	52.9	51.6	48.8	46.6	45.6	47.3	48.1	47.6	47.6	48.7	50.2	51.7	53	53.8	56.5	60	58.5	54.3	52	51.1	50.9	51.6	52.6	50.2	47.6	46.7	47.8	46.6	44.6	43.9	46.9	55.8	63	65.9	62.2	59.3	55.5	50.6	44.8	39
0	46.3	46	47	47.7	46.3	45	44.8	47.2	51	53.8	54	53.2	53.3	54.8	58.7	61.4	63.6	64.8	62.2	56.5	51.7	49.5	48.8	49.8	50.7	48.8	45.9	44.3	44.5	44.6	44.5	42.7	40.2	40.4	47.6	57.4	63.3	65.3	61.4	55.6	48.3	42.5	36.9	31.7	27.4	24.7	22.6	22.6
0	47.7	50	53.4	55.8	55.3	54.3	54.4	55.7	57	57.3	60.3	64.4	63.3	57.3	51.8	48.5	48.5	50.3	50.4	48	46.1	45.6	47.1	47.5	45.9	42.4	39.9	39.8	45	51.9	55.7	56.2	51.8	45.7	38.9	34.2	29.9	25.3	21.6	18.9	15.8	13.7	16.6	26.4	35.3	42.7	45	42.8
0	58	59	59.7	59.5	61.9	65.1	63	57.2	51.6	47.1	46.2	49.3	52.3	51.4	48	43.6	40.5	39.2	38.2	37.3	42.4	53.4	61.1	63.8	58.7	55.4	51	46.8	42	37.8	33.5	29.4	25.4	21.2	17.7	15.6	15.7	19.1	26.9	35.1	41.4	45.2	49.7	58.1	68.6	80.5	92.4	101.7
0	61.8	56.2	50.6	46	44.4	46.7	48.8	47.6	45.6	43.2	41.4	40.4	39.8	41.7	51.8	61.8	68.7	69.5	64.6	59.2	52.8	47.3	41.6	35.9	28.7	21.7	16.4	13.9	12.5	11	10.7	14.4	23.4	31.3	38.4	43.2	48.8	55.9	63.9	71.9	81.3	91.6	100.3	103.2	97	88.4	78.6	71.2
0	55.3	53.7	50.5	47.4	45.3	44	42.1	42	47.9	55.7	59.6	59.1	55.5	52.1	47.8	44.4	41.2	37.1	31.1	24.8	18.8	14.7	13.2	14.9	20.7	27.9	34	38.2	42	46.6	52.1	58.4	66	73	80	91.2	103.6	111.6	107.7	95.2	83.3	72.7	68	66.4	65.6	63.5	60.5	55.4
0	48.6	48.7	54.6	61.2	62.5	59.5	55.9	53.3	49.5	45.1	39.9	34.5	29	23.8	18.8	14.9	12.6	12.8	17.7	27.3	35.4	43.3	49.5	55.4	58.9	61.9	64.6	70.7	81.7	95.4	106.9	110.7	102.1	91.7	81.3	74.3	72.1	73.1	70.3	63.3	54.8	46.8	42	41.7	44.3	45	43.3	40.9
0	70.4	67.4	62	55.9	48.9	41.6	33.9	27.4	20.5	12.8	6.9	4.6	6.8	15.8	25.9	35.9	43.3	49.2	54.3	59.7	66.4	78	94.4	110.5	120.1	115.4	102.2	90.4	80.2	76.8	79.7	83.9	80	71.8	61.9	52.8	47.1	45.2	44.3	42.2	39	35.7	35.5	41.7	51	58.2	63.5	63.9
0	35.9	29.5	22.5	14.5	9.1	7.4	10.6	19.9	28.2	35.8	40.2	45.1	50.9	58.1	66.8	79.8	96.2	112	120.8	112.5	98.1	86.1	78.7	80.9	89	90.3	82.5	72.1	61.6	53.7	51.5	54.2	55.5	51.6	45.9	39.7	36	36.3	41.1	48	54.9	59	57.4	53.9	51.9	52.9	60.1	70.1
0	20.9	30.1	37.1	43.6	46.8	49.3	52.6	57.9	63	73.5	90.5	108.3	119.6	113.4	98.2	86.9	80.6	83.9	90.1	89.5	82.5	74.2	64	55.6	49.9	47.4	46.1	44.4	41.4	38.8	39.5	44.1	49.2	53.3	56.6	58.8	58.5	57.1	56.5	58.6	64.9	70.5	73.1	71.6	70.1	68.8	68.2	67.1
0	50.2	55.4	61	71.7	88.2	105.6	117.3	112.9	98.4	87.7	81.1	83.8	90.6	91.5	84.1	74.9	64.2	55.3	49.8	47.8	47.4	47.2	44.7	41.6	40.7	43.1	47.8	53	59.2	65.8	70.9	72.7	71.3	70.7	71.1	72.3	72.6	72.6	72.7	73.4	72.6	69.9	66.2	62	58.4	56.1	54.8	53.6
0	118.9	114.5	100.2	89.9	82.7	83.8	90.5	94.2	90.3	82.2	71.8	61.3	53.6	49.6	47.4	45.7	44	41.6	39.8	40.3	43.6	48.6	55	63.4	69.4	70.2	66.7	65	64.7	68.7	75.4	80.9	84.4	84.7	80.2	74	67.9	63.4	60.6	59.4	58.4	56.2	53.5	52.5	53.1	52.9	51.2	49.5
0	96.4	99.5	94.5	85.6	74.2	62.6	53.9	49.3	46.5	43.7	41.1	38.4	36.5	37	41.3	48	55.2	63	68.5	69.6	66.7	65.7	67.1	73	78.8	83	83.6	81.6	77.6	72.6	67.5	62.8	58.9	56.2	54.4	52.4	50.1	47.6	44.5	41.4	40.5	44.2	51.8	58.9	66	70.9	74.5	76.8
0	60.6	55.7	51.2	46.5	42.9	39.7	37.9	38.1	40	43	49.1	57.4	63.2	64.2	61.5	62.9	69.7	78.6	83.6	84.5	81.5	79.4	75.6	71.4	67.3	65.8	65.4	63.7	59.3	54.7	50.5	47.7	45.1	42.7	41.1	41.8	46.3	53.1	59.2	64	66.5	68.4	70.9	73.6	76.1	78.1	78.7	77.8
0	51.4	51	51	51.9	55.5	62.9	67	0	59.2	55.7	57.4	68.7	75.9	80.1	78	76.5	72.8	68.9	64.9	64	64.9	65.5	62	57.2	52.8	50.5	49.8	49.3	49.2	50.1	53.2	58.3	62.4	64.7	64.8	64.5	63.1	62.6	64.7	67.9	67.7	65.9	64.6	63.3	61.9	60.1	57.2	53.9
56.1	60.4	59.4	53.8	51	53.6	66.1	74.3	80.3	81.5	83.1	80.1	74.7	68.5	65.4	66	69.5	70.1	66.5	61.1	55.2	50.4	47.4	46.3	47.1	51.2	56.4	59.1	58.9	57.8	58.6	61.4	66.2	70.3	72.6	70.6	67.2	64.1	62.3	62.1	63.4	64.6	63.4	60.1	57	56	55.7	54.4	52.3
66	74.3	80.2	81.1	82.5	79.7	74.4	68.2	65.1	65.3	67.2	67	64.5	60.6	56.6	53.9	52.3	50.7	50.2	52.3	55.8	57.7	58.7	59.4	60.7	64.1	69.9	73	71.9	68.3	64.2	61.4	61.9	63.1	62.5	61.5	60.7	58.3	55.9	54.7	54.2	52.6	51.9	52.6	53	52.8	53.5	55.9	58
71	65.1	62.1	62.8	65.4	65.7	63.3	59.1	54.5	51.9	51.3	51.4	52.2	52.6	51.3	51.3	56.4	64	68.1	68.4	66.5	66.4	66.1	65.8	64.4	64.7	64.6	63.5	61.8	60.9	59	56.6	55.2	54.6	53.5	52.3	50.6	48.9	49.3	53.4	57.7	59.1	57.7	55.3	52.9	51	50.1	50.2	50.8
55.1	51.5	47.2	45.5	46.3	47.8	49.4	50.5	49.8	51.6	60.8	68.7	72.4	70.5	68.9	68.6	68.9	68.3	66.5	64.4	62	60.6	60.6	61	59.2	55.8	52.6	50.3	49.9	50.2	49.8	49.4	51.9	56.9	60.3	60.9	59	57.5	55.8	54	51.7	50.3	49.9	49.5	47.9	46.2	46.3	47.9	48.5
49	49.7	49.2	51	61.5	70	74.7	72.8	70.8	70.4	70.4	69.3	67.8	66.2	64.4	62.4	61.3	60.8	58.7	55	51.8	50.5	51.2	51	49.1	47.6	47.9	52	57.9	62	63.1	61.3	58.4	54.5	52.5	52.4	53.9	53.5	52.1	50.7	50.1	49.9	49.3	48.4	47.3	45.8	44.1	43.4	44.6
61.1	60	58.3	59.5	61.3	62.3	63.2	64.6	63.9	64.9	67.8	68.2	63.4	58.5	55.5	56	58.2	58.7	55.2	50.4	46	45.7	51.3	58.3	61.6	60.2	55.1	50.6	48.2	49.2	50.1	50.2	49.9	50	49.4	49.4	49.9	48.9	45.7	44.1	44.6	46.9	48.9	50.1	49	47.2	46.1	46.1	48.6
67	68.1	67.1	67.1	68.8	68.2	64.1	59.7	56.8	56.4	57.5	57.6	54.9	50.6	47.2	47.4	52.6	59.3	62.6	59.8	53.9	49.6	48.4	51.6	55.5	56	53.8	52	50.4	50.9	52.2	51	47.6	45.6	45.1	45.9	46.9	46.8	44.6	43.2	44.4	48.6	51.8	53	52.2	51.6	52	54.8	58.4
51.1	47.3	44.8	46.1	49.8	52.2	50.9	47	43.9	46.4	57.6	65.1	68.3	62.9	58.1	53.8	53.7	55.8	57.1	54	51.2	49.1	48.3	50	50.7	46.9	42.2	39.5	39.5	40.8	42.1	41.4	39.5	39.1	42.1	47.4	50.7	52.4	51.4	50.1	49.7	52.9	57.1	60.1	61.6	61.9	60.7	58.9	58
50	46	43.1	45.8	57.1	65	69	63.7	58.2	53.8	53.5	56.5	59.4	56.8	52.7	49.4	47.9	49.5	50.5	47.8	43.4	40.4	39.5	39.9	40.2	40.1	39.3	39	40.7	44.4	47.2	48.8	49.2	49	48.2	47.8	49.2	53.3	58.1	60.7	60	58.1	56.4	54.7	53.7	54.5	57.6	60.7	60.3
61.1	56.2	51	47.4	48	52.3	56.5	55.4	51.6	49.9	50.7	54.3	54.8	50.8	45.8	42.8	42.4	42.9	42.7	40.9	38.4	36.9	38.1	42	45.6	49.6	52.1	51.9	49.9	47.5	47	51.9	60.4	64.9	64.9	60.9	58.5	56.1	55.2	54.8	55.8	57.3	58.5	57.7	56.6	56.3	56.7	56	55.1
55	54	50.2	48.6	49.5	53.5	54.6	51.2	46.2	43.3	42.7	43	42.4	41.1	40	39.9	41.5	43.8	45.3	46.8	47.9	48.1	47.9	48.5	50.8	55.1	58.5	58.5	56.4	53.9	52.2	52.3	53	53.5	53.1	52	50.2	49.2	50	52.5	54.6	53.9	52	50	48.6	47.8	46.9	46	45.8
46.1	43.2	38.5	36.6	37.6	39.9	40.6	40	39.5	41.4	47.7	53	55	54.9	54.4	53	51.5	51.4	54	58.8	62	61.4	58.7	55.6	52.6	51.9	54.4	59	60.2	56.6	52.1	48.4	47.4	50.2	55	56.8	54.8	50.7	46.5	43.3	42.7	44.1	47.2	50.8	52.5	50.5	47.9	45.8	45.3
42	41.3	40.7	42	47	51	52.2	52.5	52.9	52.3	50.7	50.1	52.3	57.2	60.5	59.1	56.1	52.9	50	49	50.3	52.9	53.3	51.5	48.6	47	47.9	51.6	55	54.9	51.9	48.6	45.3	44.2	45.3	47.6	48.7	49.2	48.8	47.4	45.5	44.4	44.3	44.2	43.6	42.3	41.3	41.6	41.9
53	53.5	53.8	53.9	52.7	52.7	54.2	57.1	60	59.1	56.1	52.6	49.4	47.6	48.6	51.6	53.1	51.4	49.6	49.7	52.7	57.1	59.6	57.9	54.7	51.7	49.9	49.8	50.5	50.6	50	49.9	50.7	51.8	52.2	51.8	50.5	48.2	45.5	43.8	44.3	47	49.7	49.5	47.4	45.9	45.4	46.2	46.7
64.9	67.2	69.5	66.8	63.1	58.2	54.3	51.5	52.1	53.7	52.8	51.4	52	53	54.1	54.2	54.2	53.3	52.2	51.1	50.9	51.7	52.6	51.8	49.7	48.7	49.3	50.5	50.1	48.6	46.6	44.4	42.2	40.5	39.8	41	43.3	44.6	44.6	44.9	45	44.3	43.1	41.8	40.5	40	41.5	45.8	49.5
62.9	59.7	60.1	60.7	58.7	55.3	53.2	52.2	53.6	55	55.6	55.4	53.9	51	48.9	48.4	50	52.2	52.9	52.4	52.4	52.7	52.5	51.5	50.4	49.4	48.5	47.7	47.7	48.2	47.5	46	45.5	46.5	47.4	46.9	45.6	43.8	42.8	42.8	43.5	45	46.5	45.7	43.5	42.1	42.1	42.2	40.1
58	57	58.1	58.1	57.3	55.2	52.8	50.6	49.5	49.3	49.8	50	49.1	48	48.2	49.5	50.7	50.8	49.8	47.9	46.2	46	47.9	49.9	49.3	46.6	45.1	45.4	46.6	46.5	46.1	45.6	45.3	45.2	44.7	43.9	43.5	43.4	42.6	41.9	41.1	39.6	36.9	33.3	29.2	27.6	30.8	34.2	31.8
58	55.2	54.2	53.2	53.1	51.8	49.7	47.7	47.7	47.8	47.6	47.9	48.7	48.6	47.2	45.8	46.6	50.1	52.8	52.1	50.8	50.2	50	48.9	47.6	46.5	46	45.4	43.9	42.7	42.7	43.8	45.1	45.1	42.6	39.3	36.7	35	33.5	32.4	32.4	32.8	32.3	31	30.8	32.5	36.3	40.8	44.7
61.9	59.3	59	57.6	56	54.7	53.3	50.6	47.7	43.9	41	41.3	44.4	46.6	47.5	48.6	49.6	49	48.1	46.9	45.9	46.2	47.1	47.7	47.8	49.2	50.6	49.8	46.5	42.7	39.8	38.9	38.3	35.6	32.3	31.4	34.6	38.7	38.8	36.1	33.6	32.1	33.9	38.7	43.7	47.6	46.4	40.1	36.2
57	54.2	51.3	48.2	46.1	46.5	48.3	48.5	50	50.9	50.5	49.3	48.3	47.8	48.2	49	49.2	47.8	46	44.9	46.9	50.5	50.3	45.6	40.5	37.1	38.4	41.6	39.3	34.2	31.7	32.2	35.9	38	37.6	36	35.8	36.1	38.1	41.6	45.5	46.8	46.9	49.5	55	58.6	55.2	48.3	40.9
51	51	52.5	53.6	53.7	52.7	51.3	49.1	48.1	47.5	47.2	47.1	46.2	45.5	47.2	50.2	50	46.2	42	37.9	36.3	36.3	34.8	32.2	31.4	31.9	33.1	34.7	35.9	36	35.9	36.6	40	44.4	46.1	43.8	40.6	40.3	46.3	53.3	53.5	46.4	37.7	28.2	20.4	17.1	20.7	26.8	27.7
54	51.9	50.8	50.4	49.8	49.2	46.8	44.7	45.4	48.5	49.9	47	41.9	36.5	32.9	31.3	30.5	30.3	32	36.5	40.8	41	37.1	32.6	28.9	27.9	29.7	31.4	30.7	29.4	29.2	35.2	46.6	57.3	65.4	66.4	60.9	55	48.8	44.1	41.1	39.9	40.3	39.9	36.4	31	25	21	20.8
62.9	60	60.3	60.9	59.6	54.9	48.3	41.3	35.9	30.6	25.3	22.3	24	28.9	31.5	31.9	31.5	31.6	32.1	33.8	35.2	35.2	34.7	32.9	30.5	33.5	43.5	50.1	52.3	46.4	39.5	33.3	33.3	39.9	45.2	48.2	47.7	43.5	39.2	38.6	40.3	42.5	47.8	51.9	49.8	46.2	47.7	55.1	64.1
47	40.3	34.9	30.1	24.8	22.3	23.6	26.5	29	29.7	29.9	31.6	34.1	36.4	40.1	43.6	44.2	41.9	39.5	41.6	51.4	60.8	66.4	63.4	57.3	52.8	49.1	43.9	36.3	29.5	25.8	26.8	27.1	22.2	18.4	20.4	29.9	37.6	44.2	49.4	53.2	55.5	57.8	59.2	60.5	62.3	63.5	62	58.6
29.9	32.7	34.8	34.6	33.5	33.1	33.1	33.4	36.7	40.4	41.2	39.8	40.1	43.1	51.3	57.1	56.2	50.4	45.7	42	40.6	38.8	35.4	32.3	31.2	31.1	29.1	26.3	25.6	29.7	39.4	47.4	53.7	56.4	57.8	58.6	59.1	59	61.8	67	71.7	72.4	69.8	65.8	61.6	58.5	55.7	52.5	49.6
24.1	24.9	28.1	33	34.4	34.8	35	38.3	46.7	53.8	57.5	56.6	52.4	48.4	44	41.7	41.4	45.1	46.8	41.6	33.1	24.9	19.7	22.4	34.3	44.5	56.3	65.6	71.3	70	66.6	65.2	68.5	73.8	75.2	71.3	64.8	55.5	46.2	38.8	34.2	32.5	31.8	31	30.5	31.4	33.8	37.7	43.5
40.9	43.4	51.5	57.2	58.9	56.9	51.8	46.1	42	39.6	36.7	36.2	38.4	37.9	32.2	27.6	25.6	31	41.3	50.2	59.6	65.7	66.9	61.5	58.9	60.9	69.8	73.8	71.6	64.9	59	52.8	48.6	45.6	45.2	47.2	50.6	50.7	47.7	43.4	38.9	34.7	33.3	37.4	46	52.3	56.4	57	57.3
57.9	51.9	47.3	44.3	40.4	40.2	41.4	38.1	31.5	25.7	24.2	33.5	46.6	56.3	64.1	68	69.7	67.8	66.4	66.8	69.1	70.4	67.6	61.1	53.6	47.6	44.9	44.2	40.6	35.3	32.1	34.4	45	53.8	57.2	51.8	47.8	48.1	56.4	64.9	70.3	71.3	70	70.2	70.1	69.5	68.3	67.4	64.4
52.9	49	41.8	35.6	32.9	40	51.8	58	61.4	61.6	64.5	66	70.4	76.4	80	77.6	71.1	61.1	51.7	45.9	44.2	42	39.8	38.5	36.3	34.3	35.5	40.4	47	54.9	61.7	65.7	66.4	66.2	66.5	65.6	64.8	66	69.3	70.4	68.7	66	61.5	56.1	51.7	49.1	47	45.9	45
52	58	61.2	62.8	66.9	69.2	71.8	75.3	78.2	73.8	66.7	56.9	48.3	44.1	45.2	45.1	43.1	44	44.3	43.1	44.6	49.7	50.8	49.2	50.1	54.3	63	72.4	79.2	78.5	73.1	68.7	64.8	63	62.2	62.3	61	58.9	54.5	49.2	44	41.1	41.9	47.4	54.8	59.7	61.4	61.2	62.9
83.9	86.6	88.6	84.2	76.5	66.7	57.5	51	50.3	45	38	36.1	40.8	47.7	51.3	52	47.2	44.2	46	57.3	65.7	73.7	78.9	81.5	78	76	73.4	69.8	65.1	63.5	63.6	62.7	60.1	57.2	53.1	49.8	49.2	51.8	56.6	62.3	67	68.4	66.6	66.1	66.2	67.9	71.2	74.6	75.2
67.9	60.6	59.6	53	44.7	39.5	38.5	41.7	48.3	51.3	47.8	43.2	42.3	50.1	61.8	69.6	75.2	76.7	76	74.5	75.1	73.7	69.8	65.5	63.3	63.2	64.1	63.8	59.6	53.7	48.8	47.4	50.9	57.2	62.7	66	64.4	61.8	60.7	62.3	66.4	71.5	74.9	75.2	72.9	70.1	66.5	63.2	62
46.9	50	56	59.6	55.9	50.8	48.8	52.4	62.5	68.3	74.3	77.7	77.2	73.2	72.2	70.6	68.6	67	67	66.4	65.7	63.8	60.6	57.3	56.8	59.9	64.9	67.8	68.2	66	63.7	62.4	63.5	67.1	72	73.7	71.2	68	65.6	64.1	62.3	61.6	62.6	63.9	64.5	65	66.9	69.9	74.8
47	51	61	68.3	75.6	80.4	78.5	72.2	70.8	69.2	66.6	64.8	65.4	65.7	64.9	62.7	59	56	56.7	61.4	66.9	70.7	71.5	68.7	65.2	63.3	63.9	66.7	72.1	76.9	77.1	73.3	70.1	66	63.3	61.4	60.2	60.1	62.6	65.7	69.6	75.1	80.6	86.6	94.4	98	92.5	85.1	80.8
88.9	82	80.2	77.6	74.9	72.9	71.2	67.6	64.4	59.6	53.8	50.1	52	60.3	68.3	74.9	78	73.9	67.8	63.8	64	70	78	83.8	85.3	81.3	76.4	70.4	65.1	62.1	61.3	62.3	66.9	72.3	72.4	68.2	66.6	70.7	81.8	88.1	87	78.6	73.5	69.9	69.1	64.8	59.3	53.5	47.8
76	72.6	69.4	64.6	57.8	53.1	53	58.2	64.8	69	70.6	68.2	64.2	61.6	63.3	69.6	76.6	82	82.6	77.8	73.8	70.9	68.9	66.1	64.4	63.9	66.9	70.1	69.8	67.4	68.2	74.7	84.5	87.9	81.9	74.7	70.2	68.7	68.1	64.1	58.4	52.2	46.6	42.6	40.7	39.9	40.7	41.5	42.5
54	58.9	64.8	68.5	69.9	66.6	62.3	60.2	64.3	71.9	79.8	85.5	85.3	80.4	76.1	71.2	67.4	65.4	64.9	65.5	69.3	73.2	72.8	69.9	69.5	74.9	85.2	89.9	86.5	79.1	73.7	70.2	71.4	72.2	69.4	63.2	56.1	49.6	45.1	42.8	42	41.6	40	38.2	37.9	39.2	42.3	46.9	50.3
67	64.4	68.9	76.6	84.9	88.6	84.7	77.9	72.8	68	64.6	63.1	63.8	67.1	72.6	76.3	77.1	77.7	82.6	91.5	96.7	92.7	84.9	78.8	74.3	71.8	69.3	66.2	61.9	56.4	49.6	43.7	40.2	38.8	38.3	37.8	37.4	37.8	40.1	45.7	51.5	55.6	56.1	53.8	51.2	49.6	50.4	52.4	54.6
95.9	87.9	82.7	76.9	72.9	70	68.8	70	74.4	74.3	68.7	65.4	70.5	85.8	94.9	97.4	89.3	85.2	79.4	74.1	67	62.3	59.9	59.7	55.7	50.4	45.4	42.5	41.6	43.2	45	44.9	43.4	43.1	44.9	49.9	54.6	56.2	54.1	51.7	49.1	46.9	45.3	45.3	47	49.6	50.8	49.5	46.9
76.9	78	81.9	81.1	76	74	79.7	91.9	99.2	97	87.9	83.7	79.8	74.7	67.4	62.2	58.7	57	53.9	49.4	45.3	43.1	41	38.8	38.8	41.3	44.4	47.6	51	52.9	52.4	51.3	49.9	48.4	47.5	46.7	45.2	43.5	43.1	43.9	44.5	43.9	42.9	41.3	38.9	36.6	35.2	35.7	37.3
97.8	108.9	115.5	109.2	99.1	92.9	87.8	80.7	73.3	65.3	57.8	53.4	49.8	44.4	39.7	36.1	32.6	31.2	34.5	40.7	45.6	51	54.6	55.8	54.5	54	52.7	52.2	52.4	52.4	50	47.2	45.3	44.2	42.7	41.3	40.1	38.7	37.1	35.5	34.1	33.7	34.7	36.2	37.3	38.1	38.4	38.4	39.1
92	85.3	77.6	69.6	61.4	55.9	50.3	43.5	38.1	33.8	30.9	30.7	35.6	41.5	46	50.3	53.7	57.5	60	60.6	58.2	55.7	54.1	53.2	51.9	50.4	48.6	46.5	43.9	42.3	41.7	41.3	40	37.8	35.9	35.3	35.8	36.2	36.9	38.1	39.9	42.7	45.5	46	44.2	42.5	41.3	41.8	45
59.9	52.6	46.9	42	38	36.3	38	41.3	44.5	46.3	46.6	49.5	54.5	56.9	54.6	52.1	51.8	52.6	52.2	50	48.1	46.9	46	45.5	45.9	46.2	45.1	42.7	40.5	39.3	38.9	38.5	38.9	40.8	43.4	45.1	44.8	43.4	42.6	42.2	41.9	42.4	44.3	47.2	48.9	48.3	46.9	46.1	46.1
30.1	33.9	37.3	41.2	43.6	48.2	52.9	55.6	53.8	53.1	55.8	58.3	55.7	52.2	50.3	51.2	52.6	52.2	50.2	47.5	44.2	40.9	38.7	37.5	36.9	36.3	36.7	38.9	42.4	44.4	43.6	42.2	41.1	40.5	40.3	41.3	44.5	48.8	50.4	48.5	46.3	44.8	43.5	41.8	40.2	38.7	37.8	38.2	40.9
50	52.7	51.1	50.8	53.8	56.8	55	52.1	50.7	52.2	54.3	53.9	51.5	49.1	46.9	44.5	42.2	40	38	35.9	34.2	33.7	34.6	35.9	37.1	38	38.5	39.1	39.5	40.9	44.4	49.2	51	49.6	47.6	45.7	44.2	43.2	42.3	41.6	41.4	42.3	44.3	45	42.6	39	35.1	32.6	32.3
41.1	39	38.1	42.1	47.6	50.4	50	48.1	46.6	46.6	49.5	50.2	47.3	43.9	42	42.1	43.3	42.5	40.7	39	37.2	35.3	34.3	35.3	38	41	43.2	44	44.4	44	42.5	40.2	38.2	37.1	37.2	39	42.2	43.8	42	38.6	35.8	35.1	36.9	38.4	36.9	34.5	32.1	29.6	28.1
47	45.3	44	44.5	48.3	50	47	43.2	40.8	41.3	44.1	45.3	43.2	40.3	37	35.6	36.6	40.4	44.6	46.8	45	42.5	41.5	42.1	42.2	41.2	40.4	39.7	39.5	40.6	42.6	42.6	39.5	36	33.1	31.9	32.7	34.1	33.1	31.7	30.5	29.5	28.4	27.4	26.4	26	26.5	26	23.8
36.1	33	31	33.2	39.5	43.4	43.1	39.8	37.3	37	42.2	48.6	51.4	49.8	46.8	45	44.5	44.8	42.7	39.9	37.8	38	39.7	42.4	43.1	40.5	36.9	34	32.8	33.3	34.2	34.5	34.1	34.2	34.9	35.2	34.1	32.5	31.8	32.6	32.3	29.3	25.7	23.2	22.6	23.5	25.8	27.5	27.4
41	37.6	35.1	34.8	40.4	47.1	50.3	49.3	46.1	44.5	44.5	45.3	43.4	40.7	38.5	37.9	38.1	39.1	39	37.4	35.6	34	32.7	31.7	30.6	29	27.4	27.1	28.6	31	33.7	35.2	33.5	30.2	26.9	25.1	24.1	23.6	23.9	25	27.4	30	30.2	27.3	23.8	21.2	20.3	20.3	20.4
40.1	39.8	37	36.9	38.7	41.7	40.5	38.6	37.4	40.4	46.9	51.8	51.1	46.5	42.7	39.5	38.1	37.1	36	33.5	30.7	28.6	28.3	29.3	30.2	29	26.4	23.6	22.2	23.3	25.5	25.6	23.9	23.2	24.6	28.3	30.9	29.9	27.1	25	23.8	23.8	24.4	25.4	26.4	26.1	23.8	20.8	17.9
44	41.7	40.4	42.7	48.5	53.3	52.1	47.5	43.9	40.8	38.9	37.9	37.3	34.9	31.5	28.8	27.7	28.1	27.9	26.9	25.7	25.7	26.4	26.4	24.6	22.4	21.7	24.1	30.4	35.4	37	33.9	29.9	25.5	22.5	21.4	22.4	24.9	27.6	27.6	25.2	23.1	21.3	20.7	20.3	19.8	18.8	19.2	21.7
43.1	39.4	36.2	34.8	35.1	36.4	37.5	35.8	33	30.7	31.9	34.8	34.7	32.1	30.1	28.4	26.2	24.1	22.3	20.8	21	23.8	29.3	32.8	32.5	28.9	25.4	22.6	22	21.3	20.2	19.9	21.5	23.3	23.6	23.1	21.7	19.4	18	19.2	21.1	21.1	21.7	26.7	34	38	36	29.4	24.8
35	33.1	30.4	28.1	29.5	33.6	35.3	33.4	30.9	28.8	26.9	25.8	25	24.2	23.8	24.4	26.3	27.8	28	27.2	25.2	22.9	21.7	21.4	20.6	19.5	19.8	20.9	22.4	23.2	21.4	17.4	13.9	13	16.4	22.6	26.4	28.4	28.8	29.5	28.9	27	23.8	20.5	17.5	15.5	13.4	11.9	11.4
29.1	27.6	25.2	23.9	22.9	23.1	23.3	23.2	23.6	26.3	32.2	36.2	35.3	31.1	27	23.3	22.3	22.6	23	23	22.8	22.2	22.1	22.2	20.2	16.2	12.5	11.3	15.1	22	25.4	26.5	25.9	27.2	27.7	26.9	24.2	22.4	21	19.4	17.7	17.3	16.9	15.6	14.2	12.7	11.3	11.5	12
21	20.9	21.3	24.3	30.8	35.6	35.7	31.6	27.9	24.5	23.6	24.2	25	25.6	25.8	23.7	20.6	18.3	17.3	17.5	17.9	18.2	19.2	21.2	23.9	26.6	28.5	28.7	27.3	24.4	21.4	20.7	21.6	20.2	16.8	14.7	14.8	17.5	20	18.5	16.8	16.9	14.7	11.6	11.9	17.4	21.2	21.4	19.1
20.1	17.1	13.8	12.1	13.5	16.9	20.4	23.6	25.8	27.1	29.4	30.2	28	25	22.3	20.9	20.6	21.2	23.2	25.6	25.3	23.9	23.9	22.5	18	13.7	10.8	9	9.5	13.5	15.6	15.4	14.8	13.5	12.5	14.3	18	19.9	21.8	24.7	25.6	24.7	24.9	26	27.1	27.8	27.7	26	23.7
23	26	28	28.6	30.3	30.7	28.5	25.4	22.3	19.9	18.6	19.2	22.8	28.2	30.6	27.4	21.9	16.4	12	11.1	13.8	16.6	16.1	14.1	12	10.6	11.7	17.1	22	23.6	22.1	20.3	19	20	24.1	27	27	25.7	25.9	25.1	23.1	20.7	18.4	16.1	15.1	15.6	17	19.2	22.2
18.1	15.7	12.9	11.7	12	14.6	20.4	26.2	28.5	26.6	24.2	21	17.4	15.9	17	20.4	22.4	21	17.8	15.3	13.7	14	14.6	15.1	15.1	14.8	15.1	16.1	17.5	19	19.8	20.6	23.3	25.8	23.9	21.5	20	18.4	16.5	15.9	18.2	22.3	24	23.3	22.7	22.3	23.2	24.2	23.7
29.9	35.2	37.2	33.9	30.5	25.9	21.2	18.6	17.8	15.8	12.5	11.1	11.5	11.9	11.7	11.8	11.8	13	14.6	16.1	17.8	19.6	19.6	18.4	19.1	23.7	29.9	33	31.3	26.7	22.3	18.4	15.8	14.1	16.1	23.2	28.3	27.8	23.4	20	17	15.9	18.5	26.5	31.8	32.6	28.5	28.6	36.2
23	20.3	19.6	17.4	13.8	11.9	11.6	12	12.6	11.8	10.2	10.4	11.4	13.1	17	20	19.7	20	22	24.9	27.6	29.1	27.7	24.9	23.1	22.1	21.5	20.7	20.2	20	19.3	19.2	22	24.4	20.7	17.2	17	17.3	16.4	20.3	28.1	34.4	41.9	45.4	43.4	41.9	45.1	46	42.5
12	12.5	13	12.2	10.7	11.1	12.3	13.8	16.8	19	19.4	20.7	22.7	23.8	24.6	25.6	25.2	24.3	23.3	22.3	21.3	20.4	20.3	20.5	20.2	20.6	21.1	21	21	21	19.2	17.9	19.3	21.7	27.4	36	42.4	46.4	48.5	48	44.9	42.3	40.3	42.6	50.4	56.2	56	50.5	45
9	10.6	13.7	16.3	17	19.4	22.8	24.8	25.8	26.9	26	24.9	23.6	21.8	20.3	20.6	23	24.7	24.9	24.6	23.1	21.1	19.8	19.4	19.8	21.1	22.1	23.5	28.8	36.7	42.7	46.4	47.5	47.3	45.8	44.5	44.2	46.8	52.4	58.5	60.7	58.4	53.4	46.6	38.5	31.2	25	21.9	23
28	29.8	30.6	31.2	29.9	28.1	25.8	23.1	20.9	19.8	19.7	19.7	20.7	21.9	21.1	18.2	15.3	13.4	12.6	13.3	15.8	21	30	40.1	47.4	49.8	47.9	46.9	46.6	48.7	52.3	54.7	53.7	52.4	49.7	46	42.5	38.5	32.7	27.3	23.3	21.3	20.9	22.1	22.6	21.6	21.6	23.7	26
19.1	16.8	14.8	14.7	16	17.8	20.2	21.8	20.8	18.5	17.3	17	17.9	19.9	23.1	29.3	36.7	42.5	46.2	47.5	48.6	48.9	48.1	46.9	47.2	49.3	51.6	51.3	47.9	44.5	40.8	35.7	30.3	25.5	21.3	19.8	20.8	21.5	20.5	19.4	18.8	20.4	29.3	41.1	49.6	52.6	48.6	45.2	42.3
12.1	14.1	13.3	12.3	12.4	14	16	18.8	22.3	29.3	38	44.5	47.3	45.9	46.3	49.6	54.5	54.3	51.2	48.2	46	45	43.8	42.1	39.1	33.6	27.3	22.1	18.6	18.8	21.4	20.5	19.1	20.8	24.5	30.8	38.3	45.8	48.4	46.7	44.4	43.3	42.9	44.6	49.1	53.4	54.7	54.3	54.1
20	22.6	25.8	32.5	41.1	47.4	48	44	45	49.5	55.1	55.6	53	48.7	44	40.1	37.2	34.1	31	28.1	24.8	21.7	20.3	20.3	21.5	22	22.2	24	27.2	32.1	40.5	48.5	52.6	50.4	45.8	41.7	38.4	37.5	38.1	41.5	45.8	47	43.1	38.3	33.1	31	31.8	32.4	32
54.9	50.8	51.3	55.2	59.4	59.8	56.7	51.2	47.3	44.5	41.1	38.2	37.2	34.4	28.7	22.9	19.8	19.5	23.1	28.1	28.8	25.3	24	27.8	38.4	47.3	53.6	53.1	49.7	46.6	43.8	42.7	41.7	42.1	44.2	45.6	44.7	43.3	40.5	35.6	29.8	26	25.6	27.3	31	37.1	42.5	45.2	43
62	56.7	52.6	49.9	46.9	42.2	38.6	34.5	28.3	22.6	20.1	19.7	19.9	21.6	23.1	21.5	21	26.2	37.3	46.9	54.7	55.2	50.4	47.1	45.7	46.3	46	46.1	47.2	48.3	46.4	42.4	37.5	32.5	28.7	27.3	27.9	28.5	29	30	32	36.2	41.9	45.3	45.7	44.9	45.3	47.1	51.2
38	34.7	28.1	22.4	20.4	19.7	19.9	20.9	21.8	20.1	21.3	29.3	39.5	48.7	56	56.9	53.7	51.1	48	44.6	42.6	44.2	50.1	53.9	50.8	44.1	38.3	33.5	31.6	30.1	29	28.5	29.4	31	33.7	35.8	39.4	42.8	43.6	42.6	41.4	41.4	45.6	49.7	46.9	41.6	38.3	38	42.8
25	25.8	26.5	24.3	25.5	34	43.9	52.1	58.4	58.1	53.4	49.7	46.3	43.6	41.7	42.6	47.5	51.8	50.9	45	39.2	33.4	29.9	29.1	30.5	30.8	31	31.6	33.4	37.4	42.1	44.1	43.2	43.9	46.7	52.4	57.6	57.8	52.7	48	43.3	43.2	47	51.5	52.6	48.5	42.3	37.8	35.7
49.9	57.6	63.6	61.9	56.3	51.4	47.6	45.2	44.3	45.4	47.9	48.7	45.8	41.5	36.9	32.9	30.5	30.3	30.6	31.3	31.9	32.3	34.5	39.9	44.7	45.4	43.7	44.6	47.7	51.7	55.3	57.2	54.3	49.7	45.1	43.3	45.4	49.9	48.9	44.8	41.1	36.8	33.3	30.9	30.2	31.2	36.1	39.4	36.3
48	46.3	45.4	47.5	50	50	46.2	41.1	36.7	32.8	30.8	31	31.3	30.3	30	30.3	32.1	39.4	48.2	51.8	49.2	45.5	44.4	46.5	52.9	55.5	52.7	48.2	44.9	42	40.9	41.1	41.4	40.3	38.4	35.8	32.8	29.6	27.3	27.1	29.5	32.8	32.1	29.1	29.3	36	42.1	42.1	38.4
38.1	33.8	29.3	26	24.8	25.3	26.7	27	29.4	34.6	41.2	47.9	51.9	50.7	48.9	49.6	51.5	53.5	55.1	54.6	50.5	45.4	41.5	40.1	40.3	42.5	45.4	45.3	42	37.5	32.2	28	26	28	32.9	37.3	37.7	34.5	32.6	32.4	33.1	32.6	30.6	27.9	24.9	22.7	22	22.6	24
31	31.2	33.2	37.3	42.2	48.4	53.6	53.9	51.1	50.7	50	47.7	46.7	47.9	47.7	45.8	44.3	41.8	39	39.3	42.9	42.4	38.5	35	31.3	28.6	28.8	33.2	37.3	39.8	39.2	37.2	35.3	34.7	35.3	34.7	33.2	30.3	28	26.4	24.4	21.8	20.2	20.3	22.1	23.8	24.4	23.1	20.4
42.1	43.6	41.3	43.9	47.2	48.5	48.6	48.7	47.6	47.8	50.9	55	53.3	50.1	47.3	44.7	42.5	40.5	37.4	33	30.1	30	31.9	32.1	30.5	29.7	29.9	31.5	32.2	31.5	29.9	28.4	27.3	26	24	21.8	22.4	26.6	30.5	31.4	29.4	26.7	23.4	21.1	21.6	24.5	28.5	30.1	29.8
56.9	56.6	55.4	54.3	54.8	55.5	54.7	52.4	47	41.9	37.8	35.1	33.8	31.2	27.9	25.6	27.7	32.6	33.3	31.4	30.5	30.4	30.6	31.9	33.4	33.2	32.6	31.3	28.5	25.8	25.9	29.3	33.2	34.8	33.8	30.9	27.5	24.7	23.7	24.7	28.7	32.8	35.1	34	31.3	29.1	28.5	30.5	33.2
45.1	44.9	39.7	36.5	34.2	32.1	30.6	28.4	26.1	25.8	31.9	37.3	35.8	33.1	33.4	36	38.4	37.7	35.1	32	29.5	28	26.2	24.3	25	29.1	32.5	32.7	32.1	30.9	28.4	26.4	25.4	25.6	28.7	33.5	36.8	36.6	35.4	35.1	35.4	36.3	36.3	37	41.9	49.9	53.6	51.1	46.8
27	24.9	22.7	23.3	30.8	37.3	36.9	33.8	33.4	35.2	37.6	38.8	37.1	34.1	31.6	30.2	27.9	25	24.4	27.1	30.2	31.2	30.3	27.7	24.3	22.8	24.5	28.3	31.3	31.5	31.4	31.9	33.5	36.3	38.5	38.6	37.8	38.1	40.2	41.7	41.6	40.6	40.2	40.2	40.2	39.4	38.4	38.3	38.6
34	31	30.6	33	36.4	38.8	37.4	34.1	31.1	29.9	29.5	28.7	29.6	32.4	33.2	31.4	30.2	28.7	26.1	25	26.8	29	30.2	29.6	27.6	26.1	27.7	33.2	38.3	40.7	40.3	39.6	39.5	40.8	43.4	44.3	42.1	39.8	38.5	38	37.8	39.2	39.6	37.5	33.8	31.1	30.1	29.1	27.1
36	32.9	30	29.3	29.5	29.8	30.7	33	34.5	34.7	34.6	33.9	31.4	29.8	30.1	31	31.2	30.4	29.9	30.1	31.6	36.1	41.2	44.7	45.8	45.2	45.1	46	46.8	45.5	42.8	39.5	37.6	37.5	38.2	38.8	39.9	39.9	38	35.6	33.2	30.8	28.6	26.7	24.6	23.4	24	25.4	25.1
24.1	26.7	28.5	30.3	31.8	31.6	27.8	25	25.5	29.6	33.5	33.9	31.3	29.6	30.2	34.8	40.1	43.1	42.9	41.7	40.7	40.9	44.3	45.7	43.9	41.6	40.8	41	42.6	43.8	41.5	38.2	35.3	32.6	30.5	29.3	27.1	23.8	22.8	23.5	24	22.9	21.7	21.5	21.6	21.4	21.3	22	22.3
24	21.6	22.1	28	33.2	35.5	33.8	31.7	31.5	35.5	43.4	48.3	50.4	47.7	44.5	40.7	40.1	40.3	39.9	39.6	40.5	40.8	41.2	42	40.9	37.3	32.6	28.6	25.5	23.3	22.8	24	25.1	25.5	25.7	26.1	25.6	24.2	23.3	22.8	22.2	21.4	20.9	21.7	22.6	23.3	24.5	25.4	25.1
24.1	22.5	22.6	28.6	37.2	42.5	46.8	46.7	44	41.9	43.6	45.2	44.8	44.5	43.8	42.6	42.9	45	45.8	43.1	38.2	32.3	27.7	23.6	20.9	18.7	18	19.2	22.1	24.7	24.8	21.7	18.6	18	20.5	22.9	24.5	26.5	26.6	24.1	22.5	23.5	26.8	28.7	26.8	23.2	18.9	15.3	13.3
24.2	25.8	24.1	26	32.6	37.7	39.5	39.8	40.8	45.5	54.2	58.6	55.8	50.9	47.9	44.1	38.6	30.8	24.6	21.5	21.6	22.7	24.1	21.6	16.7	12.6	10.1	9.8	12.4	17.7	21.7	22.3	19.7	18.3	19.4	24.6	28.1	28.1	25.7	23.2	20.3	17.4	14.2	11.5	10.4	10.2	9.3	7.5	6.5
37	37.4	38.3	43.1	51.5	56.6	55.7	50.8	47	43.3	40	34.3	29.7	26.7	25.3	23	21.3	19.1	15.1	11.6	10.8	11.6	13	15.2	16.5	14.9	13.2	15	21.3	27	30.8	30.6	26.7	23.7	21.3	19	15.2	13.1	12.9	13.5	12.5	10.7	8.5	6.9	5.2	3.3	1.5	1.4	4.6
36.2	32	28.8	28	28.1	26.1	24.2	22.7	21.8	24	30.1	32.5	26.9	22.2	18	17.4	20.5	24.4	23.2	19	15.7	14.1	16.1	19.8	22.3	22.4	20.5	17.9	16.1	14.9	13.3	11.6	11.1	11.6	12.5	14	14.9	13.1	10.1	8.1	8.1	9	8.3	6	3.1	0.6	-0.1	0.8	1.2
32.9	31.4	30.2	31.4	35.7	36.5	30.4	24.6	19.5	16.7	15.9	17.1	16.7	13.5	10.4	8.7	10.6	16.2	21.4	23.5	21.6	19	17	15.3	14	13.2	13.9	16	19	20.9	20.1	16.5	12.6	10	9.8	10.8	11.3	11	9.5	7.5	5.5	4	3.7	4.3	4.2	3.6	4.3	5.5	3.1
23.1	17.3	12.6	10.6	11	13.9	15.4	13	10.3	9.7	14	20.9	23.8	23.8	21.6	20.3	18.4	17	14.5	12.7	11.9	12.9	14.8	16.8	16.6	14.3	11.4	8.9	7.6	7.3	8.5	10.2	9.8	7.9	5.5	4.2	6	9.1	8.2	4.9	2.7	1.2	0.2	-1.8	-4.8	-7.8	-7.6	-2.7	1.3
18	15.9	13.1	12.4	16.4	22.4	24.3	22.9	20.6	19	17.1	15.1	12.5	10.8	10.8	12.8	14.5	14.5	13.1	11.1	9.1	7.6	7.2	7.7	8.2	8	6.5	3.9	2.9	6.7	14.1	16	11	4.5	-0.2	-2.3	-1.5	-1.7	-2.4	-3.4	-5.1	-6.9	-7.1	-5.5	-4	-4.1	-4	-3.9	-5.4
20	18.8	16.6	15.5	14.3	13.1	11.1	9.8	10.1	13.2	17.4	19.1	17.5	15.1	12.5	9.7	8.4	8.9	10.3	10.1	7.9	5.2	3.4	4.1	7.1	8.9	6.4	2.1	-1.8	-3.9	-3.6	-4.4	-7.7	-9.7	-8.7	-4.8	-0.5	0.4	-3.2	-8.1	-11.9	-13.4	-10.1	-5	-0.1	0.6	-3.1	-6.7	-8.5
16.9	15.3	15.4	17.4	20.1	20.3	18	15.5	12.5	9.2	6.3	4.8	5.4	7.4	6.9	3.6	0.9	1	4.3	8.1	8.6	4.9	1.5	-0.4	-0.1	0.2	0.2	1.2	3.1	4.6	4.5	2.5	-0.3	-1.7	-2.1	-4.1	-6.5	-6.8	-4.8	-4	-5.9	-8.3	-9.4	-9.5	-9.9	-10.4	-9.1	-8.1	-9.4
16	13.7	10.7	7.8	5.2	4.2	5.2	6.9	6	3.3	2.2	3.8	7.5	10.1	9.8	6.9	4.4	3	3.1	1.9	0.3	1.4	5.4	8.7	8.3	6.3	2.8	-1.4	-4.8	-6.9	-7	-3.6	1.5	0.6	-5.1	-10.4	-14	-12.7	-7.6	-4.2	-4.7	-7.7	-10.4	-11	-8.2	-5.2	-4.7	-4	-2.9
8	9.6	8.6	5.7	4.2	5.3	8	9.9	9.2	6.2	3.4	2	2	0.4	-1.5	-1.7	0.6	3.8	5.2	3.4	-0.4	-4.4	-6.9	-6.9	-4.2	-1.6	-1.5	-3.8	-6.4	-9	-10.9	-10.9	-8.2	-4.5	-4.7	-7.4	-9.8	-11.6	-9.7	-3.4	0.4	-1.8	-4	-4.2	-3.9	-3.2	-0.4	5.8	10.4
6	7.9	7.2	4.2	1.6	0.4	1.2	0.8	-0.6	0.2	4	9	9.9	5.9	1	-3.1	-5.6	-4.1	0.9	3.8	2.7	-2.2	-7.6	-11.6	-11.6	-7.4	-4.3	-4.8	-6.4	-9.2	-11.8	-12.3	-9	-2	2.3	2.7	-0.9	-3.3	-3.3	0.7	5.8	8.8	9.4	8.5	8.1	7.5	7.1	4.7	2.7
2	1.2	-0.3	0.5	4.1	9.2	9.6	6	1	-3.4	-6.5	-7.1	-6.6	-3.4	1.5	2	-4	-9.6	-14.3	-14.4	-8.8	-6.7	-9	-10.6	-10.7	-10.3	-7.8	-4.2	-3.4	-4	-1.9	2.7	6	7.1	7.8	6.7	5.2	6.7	12.5	15	11.8	7.6	3.1	0.1	0.8	5.8	9.2	9	7.3
-0.9	-4.2	-9	-12.1	-13.9	-11.6	-7.8	-3.6	1.1	5.3	3.4	-1.1	-5.5	-7.6	-5.6	-0.6	-0.2	-4.1	-6.6	-7.4	-5.2	-2.1	-3.1	-5.3	-4.8	-0.1	5	6.7	6.3	4.6	4.2	6.7	12.5	12.8	8.6	4.6	1.6	0.9	4	9.8	11.3	9.5	6.7	4.1	2.1	2.2	3.8	4.4	2.8
-12	-7.9	-2.9	2.1	1.4	-2.8	-6.9	-9.5	-7.5	-1.6	0.3	-2.9	-5.7	-7.7	-8.8	-8.7	-8.4	-8.3	-7	-2.8	1.3	2.5	2	1.1	0.1	0.5	4.7	11.3	14.3	12.3	7.6	3.7	1.4	3.6	8.4	11	10.5	9.2	8.4	8.3	9.8	10.2	8	5.7	5	6.4	9.5	12.7	14.7
-13.9	-16.3	-14.3	-7.6	-5	-5.7	-7.2	-7.9	-7.2	-4.9	-3.5	-3.5	-3.5	-2.9	-1.7	0.8	4.7	6	5	4.8	5.2	5.6	5.5	4.5	3.2	5	10.9	15	13.6	8.8	5	3.7	7.8	13	13.4	10.9	8.9	7.7	7.6	9.5	12.1	13.5	13.5	13	12.3	11.6	9.2	7	7.1
-13.9	-14.5	-13.7	-10.1	-7.5	-5.8	-4.6	-2.9	-0.1	4.6	10.4	12.5	11.1	9.3	8.3	7.2	5.5	2.9	1.7	3.7	8.5	10.1	8	6.1	4.7	4.2	5	7.2	10.1	12.4	13.1	11.7	9.6	8.8	10.6	13.7	16.6	18.2	15.9	11.3	8	8.5	10.8	11.4	11.3	12.5	16	20.1	21.3
-7	-5.6	-3	2.3	8.6	11.7	10.8	8.4	7.5	7.3	7.1	5.6	4.9	6.9	11.8	14.1	12.1	7.8	4.1	2.8	6.4	12.8	14.9	12.4	8.2	5.6	5.8	10.5	15	16.9	16.2	15.2	14.8	13.6	11.7	10.1	10.6	14.2	20.3	23.6	24.3	22.9	23.9	26.9	29.1	28.4	30	34.4	41.8
2.1	0	-0.7	0.3	1.6	0.8	1	4.5	11	15.1	15.5	10.4	6.2	4.3	9.4	17.5	19.5	16.6	12	9.2	6.6	7.7	10.9	12.7	12.3	13.3	12.8	9.4	6.8	6.6	8	12.1	19	23.2	23.4	22.7	25.7	29.2	30.3	28.7	29.3	29.8	32.6	38.4	44.6	49.9	55.9	59.7	57.7
0	3.5	10.1	14.8	15.5	11.2	7.2	5.6	11.8	20.8	23.2	19.9	15	12.4	10.4	12.1	13.8	13.3	12.2	12.2	11.6	11.4	10.9	8.9	6.4	7.8	16.1	23.8	28.2	28.1	26.1	27.2	29.7	32.3	33	35.4	37.8	42.2	43.8	44.8	45.4	46	43.6	40.3	36.2	30.7	25.6	22.6	20.1
15.9	14	20.2	28.9	30.6	25.5	18.9	13.7	10.3	10.3	9.6	8.3	7.8	8.6	7.7	5.5	3.9	2.8	5.2	13.4	19.8	23.6	25.5	28.8	33.9	36.8	36.6	36.5	38.5	40	40.4	41	40.2	36.2	32.4	30	30.1	31.5	31.3	26.6	20.6	15.1	11.6	9.3	8.2	9.8	14.8	19.1	21.7
16	10.9	7.4	8	7.9	6.9	7.3	9.3	9.6	7.8	6.4	4.9	5.5	11.5	20	25	26.9	28	33.5	39.3	41.8	42	44.4	45.3	44.9	43.3	41.8	41.2	40.3	38	34.6	31.1	28.9	26.7	23.1	17.9	12.8	8.5	6.1	6.5	9.4	11.2	10.1	8	7.7	10.1	13.3	15.1	14.9
16.9	18.1	18.1	14.9	12.1	9	8.1	12.2	20.9	24.5	22.9	21.6	25.1	30.7	34.3	33.6	34.3	37	39.6	39.5	38.9	38.5	38.2	37.8	38	38.2	36	30.1	23.7	19.4	17.8	16.7	13.8	11.1	9.7	9.4	8.9	8.4	8.6	9.2	8.9	8.2	8.3	7.9	7.7	8.6	11.1	15.6	18.8
13.9	17.9	26.4	29.3	26.7	25.3	28.8	33.4	36	32.5	31	32.4	37.2	40.7	41.2	38.8	37.3	36	35.9	35.4	35.4	32.4	26.7	21.3	17.8	16.8	15.9	14.5	13.7	12.7	11.1	9.7	8.6	7.6	7.6	9	9.9	9.4	9.7	11.3	12.5	13	13	12.3	11.1	9.9	8.6	7.8	7.5
39.9	43.9	46.4	42.1	40.5	40	42.5	42	42.4	39.2	35.3	32.4	33.6	35.6	36	33.4	28.7	23.6	20.3	18.6	16.6	14.7	15	15.1	12.5	10	8.9	9.5	11.5	14.2	15.7	14.5	13.5	12.4	11.5	11.2	12.5	15	16.4	15.9	13.9	10.7	7.9	6.6	6.5	6.7	6.8	6.6	4.9
47.9	47.3	47.1	42.9	38	34.3	34.9	36.7	36.8	33	27.5	21.5	18.2	18.1	19.1	18.7	18.3	16.7	12.9	9.1	7.1	6.5	6	6.3	7.3	8.4	10	11.1	10.6	9.6	10.1	12.6	15.6	15.5	12.3	8.2	5.4	5.6	8.4	11.2	11.2	8.4	4.4	0.6	-0.7	1	4.9	8.1	8.2
41.9	43.7	43.5	38.4	31.8	24.8	20.8	20.1	19.6	16.8	14.5	13	10.6	8.1	7.3	6.5	4.9	6	11.8	16.1	16.9	15.9	15	15	17.9	22.9	23.6	20.4	16.9	13.1	9.7	9	10	9.4	7.4	5.2	2.8	1.3	1.7	2.4	1.7	1.8	3	4.5	7.4	12.4	16.5	16.8	15
26	25.2	24.6	20.9	18	15.4	11.9	9.2	7.8	6.5	3.5	2.9	7.2	12.5	13.1	11.6	11.5	14.5	19.7	24.4	24.3	20.4	17.3	15.2	14	13.8	14.1	13.1	11.1	9	7.2	5.4	3.5	1.5	-0.4	-1.6	-2.1	-0.4	5.3	11.2	14.5	13.3	10.9	10	10.1	11.9	13.2	14.9	16
22.9	20	18.3	15.8	11.7	9.4	10.9	12.9	11.4	8.9	6.3	6.3	12.2	20.5	23.4	20.1	15	11.8	9.4	10.4	13	15.3	15	14	11.3	8	5.6	5.3	6.7	8.2	8	7.2	7.3	8.3	10.6	12.6	14.4	15.3	14.7	13.7	13.3	14	14.3	13.5	13.9	16.2	18.6	17.4	14.7
3.1	5.8	4.7	3.4	2.3	4	11.4	18.9	22.2	20.3	17.6	16.4	14.6	14.2	15.4	18	18.1	16.4	13.8	10.6	6.9	4.4	3.7	3.9	3.6	3.8	5.5	7	9.1	10.8	11.3	10.5	9.8	10.3	12	15	17.4	17.6	17.7	18.9	20.6	20.7	20.3	20.5	21	20.6	19.5	18.7	19.3
15	22.3	25.5	23	20.1	18.5	16.2	15.5	16.2	17.2	16.2	14.8	12.4	9.1	5.9	4.3	4	3.8	3	2.9	4.9	7.9	11.2	12.9	13.3	13.1	12.7	13.3	15	16.4	16.1	15.4	16.7	19.5	22.4	23.1	22.5	21.6	20.5	19.3	17.4	16.4	17.3	19.1	18.5	16.5	15	14.6	14.7
12	11.6	12.4	14.3	14	13	11	8.3	5.5	4.6	5.8	6.9	5.9	5.2	6.6	9.6	13.2	14.1	13.3	12.6	12.7	14.6	17	17.5	16.1	15.8	18.3	21.9	24.1	23.2	20.7	18.2	17.4	17.2	17	17.1	17.9	18.1	17.7	16.8	15.5	14.3	13.8	13.6	13.7	13.3	12.2	10.4	8.5
7	4.5	1.8	1.3	3.1	4.7	4.4	4.2	6	9.9	14.7	16.3	14.9	13.3	13.2	15.1	17.7	17.3	15.7	15.1	17.2	19.7	20.5	18.3	15.5	13.5	13.1	13.3	13.8	14.1	14.4	14.5	14.6	15.7	17	17	15.9	15.1	14.3	12.9	11.4	10.3	9.1	8.2	7.8	7.7	7.3	6.6	6
1	1	2.9	7.4	12.8	15.6	15.1	13.6	13.7	16.3	20.6	22.1	20.4	18.6	18.8	19.1	19.6	18.7	16.7	14.1	12.6	13	15.2	17	16.8	15.3	14.5	15.8	19.3	20.4	18.3	15.3	12.2	10.3	10.9	12.4	11.6	9.3	7	5	4.3	5.4	7.6	8.3	7.5	6.6	5.8	5.7	6
8.1	6.9	7.2	10.7	16.3	18.8	18.6	17	17.4	18.5	22.3	24.4	23.6	21.5	19.7	18.4	17.9	17.7	16.7	14.9	13.2	13.3	13.5	13.2	12.5	11.3	9.7	8.6	9	9.5	8.2	6.7	5.9	6	6.1	6.7	8.2	9.2	9.5	9.3	8.6	7	5.2	4.2	4	4.5	5.1	5.2	5.2
12.1	11.2	12.1	15	19.9	21	19.4	17.6	16.9	18.4	23.1	25.9	24	20.8	18.8	18.3	19.2	19.4	17.9	14.4	10.7	7.9	7.4	8.2	7.8	6.2	4.5	3.3	2.4	2.3	3.7	6.4	9.2	10.2	9.4	7.9	6.4	5.5	5.3	5.8	7	8.4	8.7	7.9	7	6.2	5.4	4.3	2.9
31.9	29.5	28.9	29.1	32.5	33.5	29.4	24.2	20.2	17	13.7	11.2	10.3	8.9	6.3	3.5	2	1.6	1.5	1.3	1.9	3.1	4.1	4.7	6.2	8.8	11.4	13.1	13.1	12.1	10.7	9.8	9.1	8.5	8.2	7.6	6.7	6	5.7	5.1	3.8	2.6	1.8	1.4	0.9	0.5	1.1	2.5	4.6
18.1	13.7	10	8.2	6.7	6.1	7.2	6.9	5.1	3.8	6.2	10.1	10.4	8.6	8.2	8.7	9.4	8.6	7.9	7.6	7.7	8.8	10.2	11.2	10.4	8.5	5.8	3.3	1.9	1.8	2.5	4.1	5	4.4	3.4	3.2	3.1	2.7	2.8	3.6	4.7	5.7	6.4	6.5	7.4	9.8	12.6	14.1	14.1
10	9.3	7.5	5.7	7.3	10.5	10.5	8.5	7.5	7	6.1	4.5	4.6	5.7	7	7.9	8	7.6	6.3	4.4	2.8	2.1	2.5	2.9	3.4	3.9	4	4.5	4.6	4.1	3.5	3.7	4.5	4.5	3.8	3.4	3.8	4.6	5.2	6.6	7.1	5.8	4.4	3.7	4.2	7.3	12.5	17.6	22.2
0.1	-1.2	-1.9	-0.6	0.7	1.4	3.1	5.1	7.7	11.2	15.3	17.1	14.7	11.6	9.3	8.5	9	7.9	6.3	5.5	4.5	3.6	2.8	1.5	-0.8	-3	-3.5	-3.2	-2	0.5	3.3	5.4	7	8.4	7.8	6.3	6.4	9.7	14.6	18	19.8	20.4	21.7	21.7	21.3	22.8	25.6	29.4	31.6
3	5	7.6	11.3	15.5	17.4	15.2	12.1	9.5	8.4	8.7	7.9	6.3	5.2	4.4	3.9	2.9	1.4	-0.8	-2.6	-3.2	-3.3	-3.2	-1.9	1.4	5.2	7.9	10.9	12.2	11.1	9.7	9.7	11.4	15.6	21.1	23.6	20.7	17.8	17.7	17.6	18.9	21.5	23.6	24.7	25.6	20.3	15.2	15	22.4
0.1	-2.2	-4.3	-3.7	-0.3	1.9	2.2	2.2	2.8	5.6	11.4	13.2	9	4.7	2.1	1.2	2	2.9	5	7.5	7.7	5.7	3.6	1.2	-0.3	0.9	6	12.1	17.2	18.6	15	13	12.5	15	22.2	28.7	31	30.6	27.8	22.3	18.2	21	29.9	33.3	30.7	25.2	19.6	15.9	18.9
0	0.1	0.7	3.6	9.8	12.1	8.9	5.1	3	2.7	4	4.6	5.6	7	7.4	6.4	5	3.5	2.1	2.1	4.4	8.4	13.2	17.8	19.6	17.8	16.8	17.9	22.3	27.1	29.7	31.6	32.1	29.1	24.8	23.4	25.3	28.7	29.7	27	21.3	16.6	15.9	19.8	24	26.5	28.2	30.3	33.3
-1.9	-5.1	-7	-6.1	-2.4	0.4	2.9	5.1	6.1	7.4	9.8	10.8	8.9	7.8	9.1	12.7	15.8	17.3	16.8	14.8	13.8	15.9	19.3	21.1	21.1	21.1	20.7	18.1	14.1	12	14.2	19.7	21.4	19.2	15.8	11.7	9.2	10.7	15.8	21	24.3	25.5	26	27.7	30.9	35.3	36.5	35	32.2
7	8.5	9.4	9.8	11.7	12.6	10.9	9.5	10	11.9	12.8	13.6	14.5	14.9	15	17.6	21.9	23.4	21.6	21.1	21.6	20.9	18.5	16.3	15.7	17.7	19.8	19.7	16.8	13.2	10.1	9.8	12.6	17.4	22.3	25.9	28	29.7	32.4	35.2	35.5	33.5	31.6	29.3	25.4	20.7	15.8	11.7	8.8
8	7	7.4	9.8	10.7	11.3	12.6	13.3	14.1	17.2	22.9	24.9	22	20	20.1	21.8	23.6	24.5	25	25.3	24.7	22.2	18.7	15.4	14.4	16.1	20.4	24.4	26.7	28	30.8	35.3	38.1	37.9	36.7	35.3	32.5	28.7	23.7	19.2	15.3	11.3	6.8	3.5	2.4	2.8	2.3	0.2	-2.4
16	16.9	17.5	20.4	25.4	27.6	24.7	22.5	22.1	23.2	23	22.7	23.2	23.4	21.8	20.4	18.7	16.8	16.8	19.6	22.7	23.5	24.4	27.3	33.4	40.7	45.5	45.6	41.1	36.7	31.7	27.9	24.9	22.6	19.1	14.5	9.9	6.6	3.8	1.4	0	-0.6	-2	-4.3	-5.5	-4.7	-0.3	7.7	15.5
24	21.5	21.4	23.3	24.1	23.9	23.6	23.1	22.3	21.4	19.3	16.6	15.2	16.4	19.4	22.4	26.5	32.1	37.3	40.9	43.8	44.1	41.4	37.6	32.6	26.6	21.1	16.6	13.4	10.9	8.4	4.7	-0.3	-4.4	-6.1	-5.3	-4.3	-4.2	-3.4	-2.1	1.5	9.6	16.1	20.4	23.3	25.4	26.3	25.4	25.2
33.9	33.5	31.8	28.6	23.5	19.6	17.9	19.3	22.2	24.5	25.1	26	29	32.1	35.1	37.5	38.4	37.2	34.3	29.9	25.1	21.6	19.5	18.2	15.5	12.1	8.2	5.3	3.4	2.3	1.5	0	-1.3	-1.5	0.2	4.4	8	10.7	12.4	13	13.8	13.9	14.3	14.6	15.6	16.2	16.5	16.2	15.3
24.9	26.2	28.2	28.8	29	30.2	33.4	36	36.4	34.7	31.8	30.5	30.2	29	25.7	21.4	17.6	15.2	12.8	10.1	7	5.5	6.2	7.1	7	5	2.2	-0.8	-1.7	1.1	6.1	9.7	12.7	13.7	14.3	15.7	16.9	16.1	15.7	17.3	19	19.5	18.8	18.2	17.3	16.1	13.9	12.3	11
31	33.5	34.2	33.1	30.4	28.5	27.4	24.8	21.4	17.5	15.1	14	13	10.7	9.6	11.5	13.7	10.7	7.5	5.2	3.5	3	3.7	4.5	4	4.4	6.9	10.2	12.1	12.9	11.7	9.8	9.5	12.2	15	15.2	15.5	16.2	16.7	17	17.4	17.1	15	12	9.2	7.6	6.2	6	7.3
31	27.8	24	19.3	15.8	14.3	13	10.1	9.5	12.7	14.4	11.1	8.4	5.6	2.5	1.6	5.4	11.6	15.4	17.2	16.1	14.7	14.8	17.8	18.3	14.1	10.9	9.8	12	15.1	16.9	15.1	12.9	11.3	11.9	14.5	14.3	11.2	8.1	6.5	6.2	6.9	8.9	12.5	16.7	19.6	21.3	22.4	24.3
19.9	17.4	16.4	18.6	18.8	13.9	11.2	8.8	4.7	1.5	2.8	6.1	7.5	7.9	8.4	7.6	9	14.4	18.4	17.5	16	16.9	18.8	21.5	24.6	25.6	23	21.4	20.8	18.9	14.8	11.4	9.6	10.3	11.5	9.8	7.9	7.9	10.8	14.5	18.3	22.8	26.8	31	35.3	40.1	43.8	45.5	45.6
13	10.6	6.5	2.8	3.8	5.8	7	8.3	8.2	6.9	8.9	15.4	19.1	19.3	18.4	18.9	19.6	22.3	26	26.9	24.1	22.1	21.6	21	18	13.9	10.9	8	5.8	3.8	3.1	4.9	10.1	17.2	25	33.4	40.3	45.1	47.5	46.4	44.3	45.4	49.9	56.6	62.2	64.8	60.6	54.3	48.3
6	7.4	7.5	6.4	8.8	15.2	18.7	18.6	17.3	17.5	18.6	21.6	23.9	23.1	20.9	20.3	21.7	24.3	24.1	21.2	18	15.5	13.5	11.5	13	17.6	21.3	22.5	23.4	25.3	27.1	30.3	35.8	40.9	42.4	40.7	38.7	37.6	38.8	41.8	43.5	43.3	42.5	40.7	37.8	35.3	32.7	30.2	27.2
18	17.8	16.4	16.6	17.9	21.2	23.4	23	20.6	19.7	21.4	24.8	24.5	23	22.4	22	21.9	21.8	22.1	23	24.4	25.7	28.7	34	39	42.8	46.5	48	48.3	48.6	48.5	46.8	45.5	44.6	43.4	41.1	38	34.6	31.5	28.2	24.1	19.8	16	12.8	10.9	10	8.8	6.3	3.9
29.9	29.2	26.7	25.3	26.1	28.4	26.6	24.7	22.8	20	16.9	14.9	15.3	18.5	25.1	32.9	40.7	46.9	48.7	44.6	41.2	39.2	40.2	44.1	48.1	48	44	40.1	35.9	32.3	29.8	29.3	28.8	27.2	23.9	20	16.1	13.6	13.2	14.9	16.3	15.7	14	11.5	8.3	5.9	4.7	4.5	4.9
7.2	6.5	4.7	4.1	2.8	3.8	9	17.4	26	36.7	48.6	57.4	60.4	58.4	56.5	55.7	56.5	56.8	54.3	49.5	45.3	41.6	37.1	32	27.2	22.7	17.9	13	8.6	4.3	0.7	-0.2	2.5	7.1	9.4	9.7	8.8	9.3	10.4	11.9	11.6	11.1	11	11.8	11.8	10.3	8.7	7.3	5.9
29.8	37.7	45.7	53	62	66.3	65.2	61.6	60.1	57	53.4	49.2	46.6	43.7	40.5	35.6	31.4	28.1	24.3	20.3	17.4	14.6	11.9	9.2	7.6	7.4	9	12.9	15.2	14.5	13.1	12.5	11.9	11.5	11.3	10.5	8.6	7.5	8.2	10.9	12.4	9.8	6.1	3	1.9	3.4	6.2	7.3	6.9
62	57.9	56.1	53	50.9	48.5	48.6	47.6	45	40.2	35.7	31.4	27.8	24.6	22.7	20	17.6	15.4	13.8	13	14.5	18.3	20.4	18.9	16.7	14.5	12.3	10.8	10.7	10.4	9.4	8.7	8.5	9.1	9.6	8.9	6.6	4.1	2.4	1.7	2.4	4.4	7.1	8.4	8.1	8	8.6	9.9	10.7
69.8	68	64.1	56.2	49.5	42.1	36.2	30.6	25.7	19.5	13.3	7.8	5.3	5.8	9.5	12.3	13.2	13.7	14.6	15.2	16.1	16.7	17.5	18.6	19.8	19.9	19.2	19.2	18.5	15.7	12.1	9.4	7.5	5.8	4.7	4.5	4.1	3.1	2.7	4.2	7	9.8	11.5	13	15.3	19.4	23.7	25.5	25.5
44.9	39.2	33.8	26.6	19.5	12.7	8.7	8.2	9.5	9.7	8.6	8	8.3	10	12.9	14.4	13.9	14.2	14.9	15.2	15.5	17.2	18	16.9	15.1	13.2	10.4	7.7	6.5	6.9	7.3	7.1	6.6	6.8	8.2	10.9	13.9	16.4	18.7	20.4	21.2	22.3	25.5	31	36.7	39.4	40.1	42	44.4
