3.907045831940700875e+00 1.820565065966561979e+00
3.823948641727945574e+00 1.269901940351434444e+00
3.792369259181288754e+00 1.495058088071164359e+00
4.807157526518614610e+00 2.093407093097020777e+00
3.651920758556447932e+00 2.142691156740692993e+00
3.217820023136029217e+00 1.449083061486905466e+00
3.885889197985540999e+00 1.495853842682989487e+00
3.791679568113982324e+00 2.006777413272935906e+00
2.804816768126983551e+00 1.496092964382265134e+00
3.703068758876096656e+00 1.807731712869357743e+00
2.968478552702069617e+00 1.659101267022348170e+00
3.453760886533510988e+00 1.250540661424327515e+00
3.488419407225682445e+00 1.737646180436512866e+00
3.698467587165117809e+00 1.604736978929299340e+00
4.424280998635464535e+00 1.360306199106822156e+00
5.342839016058615442e+00 1.466073528844879847e+00
4.974033072402967548e+00 2.326258991022733369e+00
5.415425324596777834e+00 1.786827985146009601e+00
5.048302337906343418e+00 1.996400130254191607e+00
5.026859653848974929e+00 1.235259082265614206e+00
5.434928454637503847e+00 2.209249440129680497e+00
4.854697870924332470e+00 2.018959000932587067e+00
6.494987884739532369e+00 3.638834936256824637e+00
5.464763290085056902e+00 2.402123220730721709e+00
8.623512775635028049e+00 4.121641166879283169e+00
8.612423947450873030e+00 3.809682658460502580e+00
9.639195958372186013e+00 2.900418308814062485e+00
9.739393201960517388e+00 3.604762324760951486e+00
8.204155763905951915e+00 1.881100379720158422e+00
8.216028738514038920e+00 3.252238638367704660e+00
8.430343353832588704e+00 2.863807709395989498e+00
1.136415219038873481e+01 4.556110985139462777e+00
8.957227594738057519e+00 2.960327491780692100e+00
1.057017982443007575e+01 3.855757034562894869e+00
1.288954312036780436e+01 5.778419660787565526e+00
1.312581409681607703e+01 3.537907976196363435e+00
1.269426957344973950e+01 3.689369211211962263e+00
1.230671518594058789e+01 4.609151679833046522e+00
1.046161697012866476e+01 4.173042464195852119e+00
1.087671436836561867e+01 3.599693529888076338e+00
1.225338953732002345e+01 4.320133218989460566e+00
1.463611391012509522e+01 6.833118436128651219e+00
9.008092228987825578e+00 4.210510414484458508e+00
9.250223736557707355e+00 4.399791714300334888e+00
8.393990190566022136e+00 2.308176936202825935e+00
7.631595993587978910e+00 2.618600072906876353e+00
4.800476336051108461e+00 2.147119433480377815e+00
3.569768152740960598e+00 1.745211493368931777e+00
3.854396725497907905e+00 2.441056165297944780e+00
2.985305945306091502e+00 1.277465678486208178e+00
4.057934613071362939e+00 1.481510272525970784e+00
5.824321606618194203e+00 1.842782859207720225e+00
5.317617037931220203e+00 2.595360054792624993e+00
7.448468072591533762e+00 3.226928685917965112e+00
6.606229400951092678e+00 3.415168716909884772e+00
6.881762501663608589e+00 3.615558884358538005e+00
8.040215712510452306e+00 3.313133984869895521e+00
8.900209559649574942e+00 4.333464509705057033e+00
9.081190013535509920e+00 4.423960516578926416e+00
6.545750511149138084e+00 3.780937941448647255e+00
4.208431198404994689e+00 2.094277707480601158e+00
3.986366404929826412e+00 1.545717873715845236e+00
5.605444526387533877e+00 2.499577339761129835e+00
6.669424205454903110e+00 2.349503515321861968e+00
7.503438468719807908e+00 4.490752632570426783e+00
9.622989609287314394e+00 5.139204050984137240e+00
1.089012910233039833e+01 3.970905397930322156e+00
9.897919691007354359e+00 3.765519269840044814e+00
1.147843511125669380e+01 4.071630718399252835e+00
9.454421367263243781e+00 3.812554507275801363e+00
9.329693785321595101e+00 3.022359010383370848e+00
8.021060474877062418e+00 2.014000076000753925e+00
7.334297388893667780e+00 1.796570627415261745e+00
9.643009823658511337e+00 4.056582855980988889e+00
6.527987304926440970e+00 2.390925976937418262e+00
5.032518365624080836e+00 1.511390413446279224e+00
4.455524426555204087e+00 1.453897101101890188e+00
4.536036437089507878e+00 1.666502652685632802e+00
5.198175695486778380e+00 1.657656238872783350e+00
4.828727778597566633e+00 1.627950688972554127e+00
4.424153920769311021e+00 1.885534143551130803e+00
3.816132983024994818e+00 1.165718786923047423e+00
5.138050780109407079e+00 2.027467424069899771e+00
3.939478750970938137e+00 1.503505825434763521e+00
3.665866696778893097e+00 9.693528952135839205e-01
3.441028298338437708e+00 1.077550606746776607e+00
4.289453723738841262e+00 2.214609014591757408e+00
4.086782024197138874e+00 1.141522104700023243e+00
3.972300451169331836e+00 1.274817204666222281e+00
3.412877880864360502e+00 1.008985341229560406e+00
3.721866138858402007e+00 1.855260473445738967e+00
4.916501124714855564e+00 1.487017849741938180e+00
5.018089186147840941e+00 1.440795932820267744e+00
4.793090597176274947e+00 1.539634167328292946e+00
3.916073872275108503e+00 1.760761267122604279e+00
4.167466398570244479e+00 1.725553542028470888e+00
4.398450650094893000e+00 1.681535841804038034e+00
3.434319108642481577e+00 1.792087213406501345e+00
2.565932381973549337e+00 1.518999714654166500e+00
3.458838979681670978e+00 2.018852639565979601e+00
2.982781875064130173e+00 1.309960507828380472e+00
3.226690799684865052e+00 1.867710812843623502e+00
2.950027363862550711e+00 1.564816512782968294e+00
5.864955325006242504e+00 2.398487723478434752e+00
6.308624304138668926e+00 2.632687327620604645e+00
6.997636848428772538e+00 2.047499409778795521e+00
7.524245749259370619e+00 2.677569433924035902e+00
8.219038246343616905e+00 3.391822604299855826e+00
7.978996011278350231e+00 3.426735316376262830e+00
7.517022639777848347e+00 2.797509958992538071e+00
8.785890613742989075e+00 3.569317083760772391e+00
8.915998890538473276e+00 3.142604489760089770e+00
1.022883923046227217e+01 3.227929065764686190e+00
7.983606679450621080e+00 3.238657722371312886e+00
6.401369592980283407e+00 2.504608294056947848e+00
6.072208477653629366e+00 2.643744620637388465e+00
6.473433460853434518e+00 2.699238477029888728e+00
5.548035275997707849e+00 2.258213662380172071e+00
3.864659048031020117e+00 1.834924791090786877e+00
3.769124813729776591e+00 1.860857417820527937e+00
2.719673645132412165e+00 1.343287085734905073e+00
3.489856484352733990e+00 1.760920521576761821e+00
2.500448677223427563e+00 1.240560974752656254e+00
3.143501585976579804e+00 1.423484704297700798e+00
2.617855767581394488e+00 1.312638023960737366e+00
2.895838934653173879e+00 1.242006928825708068e+00
2.683779381233273309e+00 8.134106927040168911e-01
2.446772704334435833e+00 9.777786371155571254e-01
2.167030135095621368e+00 9.009236531187559960e-01
3.190900730316855061e+00 1.117136556502018596e+00
2.822435614468345566e+00 1.389736536552289792e+00
2.368902107462758089e+00 1.409623062472520338e+00
2.697234280548260088e+00 1.366973829602492252e+00
3.082177197600998841e+00 1.575596407887408068e+00
4.183953689049833891e+00 1.721960264134251295e+00
4.880786522509898084e+00 2.497306487661999697e+00
4.590151102857300991e+00 1.332300787181415425e+00
3.099134344917571671e+00 1.077246557608426469e+00
3.520492748239404168e+00 1.486510783669711566e+00
4.786823017646628209e+00 1.747346324273214346e+00
8.011668233245059056e+00 3.916924844091368652e+00
5.845081416766234383e+00 2.408312980938476233e+00
6.094195264959060943e+00 2.685110310603732842e+00
5.021263019906268887e+00 3.021307709837822930e+00
5.767284585793059470e+00 2.712658213791731221e+00
8.396974376013545793e+00 3.969744159117878812e+00
5.895415817611168841e+00 3.203487541816444129e+00
7.288687102043300392e+00 3.005858712389796406e+00
9.127436672299600318e+00 4.806096238053997993e+00
1.030657665799252420e+01 5.913797920862513990e+00
1.043068904517708795e+01 3.264018846913443017e+00
8.293699702730183532e+00 3.095410107151082890e+00
9.285284668004972985e+00 3.330591873902840838e+00
1.120137144172739774e+01 3.747068460276155033e+00
1.032996181562614346e+01 5.331853604972620175e+00
7.158719537429920621e+00 2.130693519844037542e+00
6.749171788170566622e+00 2.647964247558538542e+00
7.539594435920946580e+00 3.396208031533487048e+00
6.484643525327611790e+00 3.000702017349373474e+00
5.153721791995792501e+00 2.504775970625159331e+00
6.130001405417959681e+00 1.521870824890937834e+00
6.262861134255422790e+00 1.631991782730893181e+00
5.438029260279908073e+00 1.713222354622610188e+00
6.392631992958804688e+00 1.898298004890567325e+00
5.035229167074260381e+00 1.603891945280458309e+00
5.797728288995152468e+00 1.641792938169850169e+00
5.892488113590043319e+00 2.101896649406253648e+00
7.698550851797006267e+00 3.320620786542190395e+00
9.215570567286237136e+00 3.456795669943434124e+00
8.199080835487524865e+00 3.373789937255458504e+00
9.087009158554936405e+00 4.610551616201632896e+00
9.027557373368203741e+00 3.745673435852727273e+00
8.609965850182765834e+00 3.162662427917144914e+00
8.484555639501913049e+00 3.360490990861519478e+00
5.914805746999732605e+00 2.509467427739866530e+00
8.277846590657070180e+00 3.045851012860986806e+00
8.408481448059491825e+00 3.897034705593901638e+00
7.618235789885908105e+00 3.196678001535588010e+00
9.363296954912698311e+00 3.323583235508057676e+00
9.521114762241735363e+00 2.773419755399231246e+00
8.029334549977940938e+00 4.339841194452447759e+00
8.031833060038485073e+00 4.272368276100070084e+00
7.996662811165556661e+00 3.261660429873724620e+00
7.092859953328615852e+00 2.578598426073325900e+00
6.300660866381321057e+00 3.092999034226151522e+00
8.663319740929813051e+00 3.129476055963407610e+00
7.217776938226214689e+00 2.355370019054932040e+00
4.676509039344426633e+00 1.629967869734596508e+00
4.113248018968727493e+00 1.511034739493575918e+00
5.662756887287545560e+00 2.110284391209968913e+00
5.980467409722558081e+00 1.775231264358492655e+00
8.293788316510678271e+00 4.015862421304384533e+00
9.163770114503952513e+00 3.128893768367528860e+00
7.236373707514218268e+00 2.642285386953813653e+00
6.919016183921939955e+00 2.477100743226393842e+00
4.858335717486695238e+00 1.980254576527809673e+00
5.723457557754500158e+00 2.382635111360917879e+00
6.351584651533124237e+00 2.109206930905756394e+00
6.675857569464741736e+00 2.327237443022098784e+00
9.279693147498772277e+00 4.130443209936735194e+00
1.054167689108275674e+01 4.261350021238211383e+00
9.040797799146767844e+00 3.944605516457300620e+00
6.976738512604765852e+00 2.670837179677208795e+00
8.197971441822259564e+00 3.244370458516742772e+00
8.173754907629474431e+00 3.442669526254948931e+00
8.322000326390741165e+00 2.764502775392805756e+00
1.089243138680869016e+01 4.763746774176347287e+00
8.418774199040404582e+00 3.338691728727098962e+00
8.761340309342159571e+00 3.366888217031811958e+00
8.630299626370936394e+00 3.597039083882610289e+00
8.178146229454762661e+00 2.518880383108013543e+00
7.798655336933904891e+00 3.658177705979924976e+00
8.149545433677531037e+00 3.724495323307218886e+00
6.499340254780651804e+00 3.103480651892774667e+00
6.679563098005921518e+00 2.708268708809994596e+00
8.495558528849530333e+00 2.335393824970553034e+00
5.526074532028023789e+00 2.111648015582348936e+00
5.999631420591459374e+00 2.439485753087474951e+00
6.192316625373432082e+00 2.910713320206657961e+00
4.797118448115686107e+00 1.401668823457389301e+00
6.316380321414499122e+00 2.695973947525651671e+00
7.349161611092557500e+00 3.085292437880855498e+00
7.211433646178559975e+00 2.958746506763000106e+00
1.063196359495775312e+01 3.958513338989705144e+00
8.129307085970909341e+00 3.109059003503565233e+00
8.441618170713470093e+00 3.175157493748878679e+00
7.401570922171354816e+00 5.146395177500704854e+00
1.187366931128097747e+01 6.169982273040387710e+00
1.092834293536475876e+01 4.025262737908430921e+00
8.800805473520052047e+00 2.950551962855712862e+00
6.470186101452793714e+00 2.972105479872864109e+00
5.610345872672103162e+00 2.173965543293165492e+00
6.254947600653131268e+00 2.463838430818581671e+00
4.974204215489792524e+00 2.607550781201200429e+00
6.838579645094871928e+00 3.420230750483200577e+00
9.312909237186270062e+00 4.716144941268159307e+00
7.352199117965755981e+00 3.434714748035924803e+00
7.861146572786765319e+00 3.553489605522902828e+00
5.799682445538832276e+00 2.518888933499575877e+00
6.659337411305497945e+00 3.117029502001814389e+00
7.604818133719775552e+00 4.246118882885297374e+00
8.432387342451820089e+00 2.515174847816703085e+00
6.505062264770477221e+00 2.707895503810875404e+00
5.292997597914071761e+00 2.448342383289954682e+00
4.946650490005645828e+00 1.841638364731255972e+00
4.719058445461485896e+00 1.920976172831879936e+00
5.591063545257614287e+00 1.680043329673028829e+00
8.832953551100279910e+00 4.405008943580599023e+00
1.309276159754704416e+01 8.180536803756389475e+00
1.102517109310699794e+01 5.133872150202489770e+00
7.153384854416263927e+00 2.285095953132759483e+00
6.990534970323435182e+00 2.804085757389669809e+00
8.720127185708378192e+00 2.628905683333484955e+00
1.002619138738052307e+01 3.380741485555809778e+00
1.192473868197993170e+01 4.888964689612215864e+00
7.659627844617322268e+00 3.532510177761002179e+00
8.463123665471877999e+00 3.331296876155112496e+00
1.101696567046811204e+01 3.736733520452716117e+00
9.509393697726423511e+00 3.677677117788308969e+00
1.207838232542208878e+01 3.464093664489945379e+00
7.951482698586631592e+00 4.872872457088910814e+00
8.597403917376007954e+00 3.765732490410115041e+00
1.454738380857494384e+01 9.582479078156048047e+00
1.936216151109540462e+01 9.780199054698071492e+00
1.933906069984253051e+01 7.129126491210787897e+00
2.142707505753159936e+01 5.527308410277246509e+00
2.242402757104278521e+01 5.360245611285359146e+00
1.494543592905397844e+01 4.077986191287921613e+00
1.115260850110181146e+01 4.518447301175520181e+00
6.966294094613938448e+00 4.126321508178444120e+00
7.656102230311212509e+00 4.049790247051730852e+00
1.005515322009526713e+01 4.534407024902027850e+00
8.593615862355074242e+00 3.632245205795102017e+00
6.307274627410900614e+00 2.659927310207573559e+00
7.529336011171032794e+00 3.488144280061935110e+00
7.010033237011626284e+00 3.203254609662093966e+00
7.882881641504482673e+00 3.574201632474213408e+00
9.442496291981456125e+00 3.872431279662821524e+00
1.004402763154692657e+01 4.379618703671508406e+00
1.042719483527028324e+01 5.212597437168844827e+00
1.036279642464261563e+01 3.761887410396437925e+00
1.207899265154314072e+01 4.838696329132732288e+00
1.065028892686791906e+01 4.786539136036263464e+00
8.146238920733109623e+00 3.873576011698411925e+00
6.659995696071066895e+00 2.977046719069974756e+00
5.603371565230098383e+00 2.372688784649789273e+00
5.819544665897569580e+00 2.811564185816010308e+00
7.929436750366657627e+00 3.464325409136343126e+00
6.139242215197665331e+00 2.679849755306689119e+00
4.130778489513786234e+00 1.982730585368606802e+00
4.915118092424092033e+00 2.060720400467169977e+00
3.774165411188192820e+00 1.568102111310403446e+00
3.835452551501077778e+00 1.894024911262085054e+00
4.726591471332848293e+00 1.430353289042153087e+00
3.940091263967788304e+00 1.221836836084918332e+00
5.142249043723925439e+00 1.921541865310368857e+00
4.987772808254123724e+00 1.720699600808618168e+00
3.742346958960242720e+00 1.532861947868377817e+00
5.688821194714651419e+00 2.006393115483132927e+00
4.714311450773641887e+00 1.653343989677329873e+00
5.396802014816493021e+00 2.629771647727791262e+00
5.149933734333111524e+00 2.271923680650470345e+00
5.639007773711292693e+00 1.953421364489067003e+00
3.850911519440042952e+00 1.446063659960108660e+00
5.532022706077295737e+00 1.991441119682302086e+00
4.651809016455628054e+00 1.631979729645323340e+00
4.908320772286791644e+00 1.705051567342239505e+00
6.246629458059484996e+00 2.896985495146245260e+00
6.509593080482815708e+00 3.070602261239183672e+00
8.248752083300514570e+00 2.592632391462479369e+00
9.828195113331638311e+00 4.140590819903239961e+00
8.173745171096722828e+00 4.597501602888845795e+00
6.950257422693791654e+00 2.444248552294179699e+00
1.161476153884067664e+01 4.414721697286955404e+00
1.065519367813851126e+01 3.307092354197393114e+00
7.480700393027245099e+00 4.044159386980380688e+00
9.494177447722460528e+00 4.529438700185344224e+00
7.595365280362305072e+00 3.352404037237693757e+00
9.117327970766668344e+00 4.128421733255564163e+00
8.143254485571270962e+00 3.654067100023221215e+00
6.095139359385723488e+00 3.046065137108052046e+00
7.114965059636557676e+00 3.238491710789630940e+00
7.147243384726515991e+00 3.248651525447019850e+00
5.914056900116548832e+00 2.880293728970203304e+00
7.206868747502915618e+00 3.011159670574668823e+00
7.828537157346565856e+00 2.281364508207849529e+00
5.740322929202588575e+00 2.360053429316033125e+00
6.684281370424354662e+00 3.310359192940770079e+00
6.002178619153749395e+00 2.409794023678779595e+00
6.013345596076366206e+00 2.516104231684208603e+00
8.192675470521310288e+00 3.430579856080669288e+00
5.491478336610473576e+00 2.314948116992056271e+00
3.333392979489465446e+00 1.376050584347488392e+00
3.117348907667015112e+00 1.196420336583006838e+00
3.843757547662106422e+00 1.673398057630695712e+00
4.192187598800507509e+00 1.951230485900128375e+00
5.080813888829367464e+00 1.834345719968670130e+00
4.567549606221198211e+00 1.668570069444990311e+00
5.074108592002768425e+00 2.132120262853383963e+00
4.816924674746529966e+00 1.255863208600465297e+00
6.027950059135839034e+00 2.528821989825534633e+00
5.727198145025659493e+00 2.285108532353082200e+00
3.992382503301468599e+00 1.595121085654918280e+00
4.407769606525796746e+00 1.970462395854660320e+00
4.186100661275900414e+00 1.897813150764793066e+00
4.193844022274544336e+00 1.551906889343273921e+00
6.286888019952475481e+00 2.305730937286612381e+00
7.061598024728986012e+00 2.587477480454835277e+00
6.482476589326124916e+00 2.762066531635831268e+00
6.270306512100456864e+00 2.500174775424872653e+00
7.081759684335753313e+00 3.207702430325740206e+00
7.761923612001436545e+00 2.851082663917755333e+00
5.676366620983929856e+00 2.460993392192182494e+00
4.937914348535509923e+00 1.798499962835161226e+00
5.790520512822041610e+00 4.228080887714161129e+00
6.072996031520503379e+00 2.212603024429171672e+00
5.283953251331153567e+00 1.683567432970916933e+00
5.503485206057863621e+00 2.026230449450347582e+00
5.869110498797105890e+00 2.631670547242353386e+00
7.480901721848662866e+00 3.119984644175318067e+00
7.190491735289310959e+00 2.985665704438562162e+00
6.478225982139865557e+00 3.123733468925165013e+00
6.202358625792886215e+00 1.981002001887383956e+00
5.415662200585994235e+00 1.881991006191704674e+00
5.877806960343452403e+00 1.954213736272812252e+00
6.119681628148694763e+00 2.091236419783205847e+00
5.703067302596846133e+00 3.340962309835460164e+00
3.223919626580673548e+00 2.349038950758344679e+00
5.590120671767753180e+00 3.070235184199648248e+00
7.143681249942851252e+00 3.372636515479614960e+00
6.931678420662557016e+00 3.222807109500564593e+00
6.547719522945574688e+00 2.543153800386982244e+00
8.619494904126407064e+00 3.287832102407183044e+00
8.636708405781201137e+00 4.642024084474644319e+00
8.854856602719273440e+00 4.067243216983150944e+00
6.157485993013696479e+00 2.518347345951599259e+00
5.736742296565613408e+00 2.031651400520559481e+00
6.882031038767547848e+00 2.712246895807927771e+00
6.464729458738503354e+00 1.434229734976628867e+00
6.993747525252596908e+00 1.831758297080496423e+00
4.493904303611752304e+00 1.713874375562703500e+00
4.684514841242724437e+00 2.193551151334916849e+00
4.125201336192178658e+00 2.111044754444688643e+00
4.172153262045193323e+00 2.344252140296171127e+00
4.247973778637540221e+00 2.848081482855612467e+00
6.659650242525931851e+00 4.357329610635493289e+00
5.451118987444467656e+00 1.907509623703178336e+00
5.098669118547596746e+00 2.274107228927152224e+00
5.339061430439074663e+00 2.294735397904869689e+00
5.050361667204747107e+00 2.020181592601077103e+00
7.214746981194800846e+00 4.599536211840812960e+00
5.909063289710505096e+00 2.544691356058297771e+00
6.857514570442286406e+00 3.761945756736035928e+00
7.775442787939563338e+00 2.381866542206012127e+00
5.390970941289850771e+00 1.860224681016649617e+00
5.289343197476152447e+00 1.246284713151796897e+00
5.909328647897669207e+00 1.445454793478569977e+00
4.396488940882849583e+00 1.566669303842761263e+00
5.879481153716009878e+00 1.808318112329734051e+00
4.944607229341211330e+00 1.508306901370404463e+00
5.286468555523537560e+00 2.349754706270051674e+00
4.388682524013038488e+00 2.157094987444940770e+00
5.257021532848227707e+00 2.286379857332176524e+00
5.058607257650761468e+00 1.890100814526924022e+00
5.900388248218831677e+00 1.985827109484600284e+00
6.420351253208829156e+00 2.249942545387066062e+00
4.285671260210068390e+00 2.281543272570370373e+00
6.329480273364805676e+00 1.784200038351139828e+00
5.742545365949962566e+00 1.973446548415851654e+00
4.392361026265864332e+00 1.974591471702386691e+00
4.347111045571636190e+00 1.990113399412179573e+00
6.310384189275198175e+00 2.569749052030260827e+00
6.294992655503173218e+00 2.681608605396897715e+00
4.653438901709475495e+00 2.616636560699114433e+00
6.322904250553353478e+00 3.034475245638699192e+00
6.436333396953538788e+00 2.409918811515501247e+00
6.662343754590170697e+00 2.205850246741821952e+00
7.954594942211167030e+00 3.289540203364467175e+00
8.701425246307399775e+00 2.494680964054029726e+00
1.285959434875769780e+01 5.347427502673791189e+00
9.109032468425183993e+00 2.987178952673294585e+00
1.058646627114500838e+01 3.308209573875783516e+00
7.328028598254900494e+00 4.072972052951098654e+00
9.821400472312825869e+00 3.291095086808975001e+00
1.040539282063861748e+01 4.678052620043299470e+00
1.115741173695976407e+01 4.293982749701066304e+00
1.135423191168572110e+01 4.620472117364587739e+00
5.766274033150956768e+00 3.213990489054361355e+00
6.561631132664930810e+00 2.642869078311580910e+00
5.195660634007602141e+00 2.376079083793701585e+00
