9.073868750000000816e+00 3.720708602150540667e+00
8.801593750000000327e+00 4.793269444444440808e+00
8.271972916666667786e+00 4.133073333333334709e+00
6.790675000000001127e+00 3.114951898734179103e+00
6.685618750000000610e+00 3.418969512195124683e+00
5.575870833333333998e+00 2.486288888888888327e+00
5.344954166666667561e+00 2.818684057971015733e+00
4.436164583333334299e+00 1.816042307692309121e+00
3.269950000000000134e+00 1.612673529411765116e+00
3.382560416666667180e+00 1.776562500000000266e+00
3.231975000000000708e+00 1.915539344262294330e+00
3.561452083333334517e+00 1.473612499999999992e+00
3.885977083333334026e+00 2.097889062500000179e+00
3.441785416666666819e+00 1.698483582089552746e+00
3.570931250000000556e+00 1.614246969696970568e+00
4.845775000000000610e+00 1.575741538461537861e+00
4.734737500000000487e+00 1.871478873239437402e+00
5.316210416666667271e+00 1.893305970149253614e+00
4.932475000000000165e+00 1.902269696969696611e+00
4.702981249999999669e+00 1.626536764705882376e+00
4.141016666666666346e+00 2.019554098360655470e+00
5.416727083333332082e+00 2.398879687500000912e+00
7.557233333333332581e+00 3.104222950819672366e+00
6.259747916666667855e+00 2.307859999999998912e+00
5.877597916666665867e+00 2.361071428571427600e+00
7.221654166666666264e+00 2.389492753623186694e+00
6.778829166666667128e+00 2.796650769230769384e+00
8.667345833333333971e+00 4.095295774647888187e+00
1.012698541666666685e+01 2.558077272727272700e+00
1.286823333333333430e+01 6.462966129032257534e+00
9.379581249999999315e+00 2.647709859154928402e+00
1.038794791666666661e+01 4.617682857142856534e+00
8.463089583333333721e+00 2.551610447761195388e+00
9.970102083333335585e+00 3.502768000000000104e+00
6.951279166666666676e+00 3.138042187500001745e+00
6.728483333333334038e+00 2.081772222222220137e+00
7.754041666666668497e+00 3.228850769230770634e+00
6.962477083333335592e+00 2.605689705882354268e+00
7.185579166666669515e+00 3.860779411764707625e+00
7.242527083333335725e+00 2.812533823529414612e+00
7.793606250000000735e+00 2.958126086956522016e+00
1.096887291666666897e+01 5.319932352941177278e+00
7.920170833333334492e+00 4.032913636363635312e+00
9.813979166666669585e+00 5.327856521739131601e+00
8.903502083333334483e+00 3.998719480519481007e+00
9.232795833333335977e+00 4.408513043478259341e+00
9.408254166666667473e+00 3.793734666666669142e+00
8.266397916666667456e+00 2.346163291139240048e+00
5.747352083333333361e+00 1.986042105263158275e+00
6.688931250000002215e+00 3.223083333333334188e+00
6.893427083333334870e+00 2.590334666666667562e+00
6.972052083333334593e+00 2.690962162162163107e+00
5.876866666666668237e+00 1.758628169014083698e+00
6.485356250000001488e+00 2.747223287671232583e+00
6.619606250000000358e+00 2.397025352112675645e+00
3.624531249999999982e+00 1.520431250000000123e+00
4.631822916666667567e+00 1.957659420289855845e+00
6.470452083333334770e+00 2.624372857142856841e+00
4.892014583333334166e+00 2.495341791044775270e+00
4.653468749999999154e+00 2.073278124999998973e+00
5.889079166666665976e+00 2.599890666666666128e+00
4.500122916666666306e+00 1.575386567164178908e+00
5.840143750000000189e+00 2.002153225806452053e+00
4.890102083333332850e+00 1.591046969696970015e+00
5.523114583333334160e+00 3.561095161290323663e+00
8.092777083333333010e+00 4.625547945205479294e+00
9.464512499999999662e+00 3.382062162162164487e+00
7.834612500000001312e+00 3.095404347826085090e+00
9.081858333333334699e+00 3.165084507042255968e+00
7.935364583333336164e+00 3.276095652173913297e+00
6.636972916666667111e+00 3.050121428571427984e+00
7.914733333333334286e+00 3.673145714285714458e+00
8.659929166666666234e+00 3.246204225352112616e+00
9.955818750000002382e+00 4.231001492537314057e+00
6.402591666666666903e+00 2.592247826086956142e+00
8.965785416666667729e+00 2.643424637681158540e+00
8.708897916666666461e+00 2.439262318840580868e+00
8.344377083333334610e+00 3.469903174603173213e+00
6.651587500000001540e+00 2.414467142857141368e+00
6.845560416666667258e+00 2.223372368421052681e+00
5.945466666666667344e+00 2.486369863013699000e+00
5.276218750000001734e+00 2.182516216216217053e+00
4.835706250000001205e+00 2.372423943661973400e+00
5.547531250000001357e+00 3.482471428571430661e+00
5.631141666666668044e+00 2.472107692307690119e+00
5.063489583333335098e+00 2.225940740740741219e+00
7.868650000000001477e+00 5.004389062500000485e+00
5.752904166666668040e+00 1.359709090909091200e+00
5.920885416666667567e+00 1.867368421052632455e+00
5.372489583333333485e+00 2.224270422535212788e+00
4.772795833333334237e+00 1.324361971830987139e+00
6.462458333333333194e+00 1.341260869565217728e+00
6.896714583333334758e+00 1.785907042253521704e+00
6.530931250000000965e+00 2.185312328767123891e+00
5.628093750000000561e+00 2.144782857142857768e+00
6.920625000000001137e+00 2.628200000000000092e+00
7.083047916666668442e+00 2.802365277777779440e+00
5.966658333333334951e+00 2.760787878787878569e+00
5.226743750000001576e+00 2.563769117647059392e+00
5.504745833333334559e+00 2.683063380281689447e+00
5.261695833333334349e+00 2.665058666666668685e+00
5.128289583333335067e+00 3.199799999999998423e+00
4.937289583333334342e+00 2.080630985915493447e+00
8.063085416666668337e+00 2.655663768115941181e+00
8.819252083333333658e+00 3.137763013698628978e+00
7.801935416666666789e+00 3.009689705882353294e+00
7.183062500000001016e+00 2.765439999999999898e+00
7.177814583333334220e+00 2.568445161290322964e+00
7.383004166666668588e+00 3.273976190476190595e+00
5.675364583333333712e+00 2.223693333333332411e+00
6.428897916666667989e+00 2.520535937499999157e+00
5.113210416666666980e+00 2.159217187500000357e+00
7.186229166666666224e+00 2.385450746268657163e+00
8.677395833333333641e+00 3.824537313432836871e+00
7.634664583333333532e+00 2.586485507246375715e+00
5.611083333333334089e+00 2.631659374999999912e+00
5.134314583333334348e+00 1.781444444444443942e+00
5.315697916666666245e+00 2.409624590163935487e+00
4.378954166666668257e+00 1.865585714285714847e+00
5.316150000000001263e+00 1.982774285714284268e+00
6.363929166666669524e+00 2.594268115942029773e+00
7.707860416666669323e+00 3.725467164179106394e+00
5.840695833333334974e+00 2.215828205128205663e+00
6.139010416666668135e+00 2.384680000000000355e+00
6.338481250000001843e+00 2.678705000000001668e+00
8.075360416666667263e+00 3.821155696202532592e+00
6.972537500000001387e+00 2.742270370370372579e+00
6.439679166666667953e+00 3.433240277777781291e+00
6.415002083333334326e+00 2.469392307692309885e+00
7.797483333333334876e+00 3.404568571428572721e+00
6.901162500000000755e+00 2.457452564102565074e+00
6.993989583333335425e+00 2.858361842105264117e+00
6.415381250000002034e+00 1.997381944444444057e+00
6.627870833333335376e+00 1.844941666666668034e+00
7.249341666666668793e+00 2.318755555555556569e+00
6.359181250000001562e+00 1.988756338028169202e+00
6.178477083333334896e+00 2.020373913043477909e+00
6.509185416666667834e+00 3.336956060606061758e+00
6.610441666666666549e+00 1.813122222222221858e+00
5.989091666666667813e+00 1.884265714285714877e+00
6.433143750000001937e+00 1.894016901408452025e+00
5.483285416666667800e+00 2.224039999999999573e+00
5.615368750000001796e+00 1.806386153846154308e+00
7.181652083333333714e+00 1.802204477611939692e+00
6.940660416666666777e+00 2.528451562499999472e+00
7.298570833333333674e+00 3.237473913043479090e+00
6.093193750000000186e+00 2.698887692307692543e+00
6.648243750000001562e+00 2.478966666666666985e+00
6.633389583333335615e+00 2.601235384615385726e+00
7.449441666666667849e+00 2.767726027397259703e+00
7.298856250000000045e+00 4.018740000000001089e+00
7.350806250000000652e+00 4.319446153846154601e+00
8.561312500000001435e+00 4.556463235294118341e+00
7.905987500000001056e+00 2.619781578947367517e+00
8.181964583333332541e+00 4.368548529411764747e+00
6.908350000000001323e+00 2.546961538461537611e+00
8.380906250000000668e+00 3.236516666666666708e+00
7.087095833333333594e+00 2.046874999999999556e+00
8.552672916666667291e+00 3.921024675324676245e+00
8.765562500000003254e+00 3.938606666666664591e+00
9.058864583333335219e+00 3.153838666666665791e+00
9.033104166666667822e+00 2.365982894736843534e+00
8.226545833333334556e+00 2.433808823529412191e+00
9.667302083333334295e+00 2.882183098591548198e+00
8.490708333333335744e+00 3.033704347826088110e+00
1.006476041666666710e+01 2.602465333333332964e+00
1.052887500000000109e+01 3.486664285714285327e+00
9.149570833333333653e+00 2.621481159420289142e+00
1.192135416666666714e+01 4.273204347826086824e+00
1.200759375000000340e+01 4.087216176470588991e+00
1.233910000000000196e+01 4.195660317460315092e+00
1.483293750000000166e+01 3.329840298507463547e+00
1.286372083333333194e+01 4.624532786885247937e+00
1.053540208333333261e+01 3.879522222222222982e+00
1.236075833333333129e+01 5.549725352112677257e+00
1.572154375000000037e+01 4.710831168831168370e+00
1.273065833333333075e+01 6.385547692307692813e+00
1.320570624999999865e+01 4.776991666666663860e+00
1.215629375000000145e+01 2.246526027397260705e+00
1.168657499999999771e+01 2.191257971014491268e+00
1.453691666666666471e+01 5.115990909090911032e+00
1.385929375000000086e+01 6.373219696969697701e+00
1.199751875000000290e+01 3.024479220779221489e+00
1.272168333333333656e+01 4.831988157894738123e+00
1.251694166666666774e+01 4.615621052631577292e+00
1.253772083333333320e+01 5.688516666666671107e+00
1.269518333333333260e+01 4.975354545454545807e+00
1.056065000000000076e+01 3.197831578947367248e+00
8.342406250000001577e+00 2.444083783783783215e+00
9.661395833333335403e+00 3.456994117647059106e+00
9.131731250000001410e+00 2.065794736842106794e+00
9.234622916666667791e+00 3.049558666666666085e+00
8.347252083333335904e+00 3.066054687500001208e+00
7.578931250000001008e+00 2.403184848484849034e+00
1.129091875000000300e+01 2.981058208955225552e+00
1.010604166666666792e+01 2.753270000000000550e+00
1.218547291666666865e+01 5.467582089552237790e+00
8.113164583333334789e+00 2.082825352112675610e+00
7.399049999999999905e+00 1.980453521126760208e+00
6.529983333333333917e+00 1.955289999999999084e+00
7.520608333333335338e+00 2.730762857142858824e+00
6.662979166666668895e+00 2.683128787878787946e+00
5.807389583333335104e+00 2.462251515151516301e+00
5.853285416666666130e+00 2.442524999999999835e+00
6.728354166666668412e+00 2.980767692307693117e+00
5.021075000000000621e+00 2.772572131147541086e+00
7.395204166666668577e+00 3.059230645161292284e+00
1.082539583333333333e+01 4.096502985074627290e+00
8.507452083333332027e+00 4.261830645161291287e+00
1.026322500000000204e+01 5.735120000000001106e+00
8.810122916666665915e+00 3.909876119402984518e+00
1.121568333333333634e+01 3.858638961038962201e+00
1.067120416666666927e+01 3.989997297297300793e+00
1.159074791666666648e+01 4.704706756756755759e+00
1.039235833333333403e+01 4.495995714285713873e+00
1.226382083333333561e+01 4.197601369863013687e+00
9.788964583333335412e+00 3.302518055555556220e+00
9.796554166666668451e+00 2.521432857142859252e+00
7.813250000000000917e+00 2.447614705882353192e+00
7.588725000000001053e+00 1.816261111111110438e+00
5.679629166666669171e+00 2.255438235294116023e+00
5.323202083333334222e+00 1.972620895522388285e+00
6.506662500000000016e+00 2.666965714285713496e+00
5.898262500000001296e+00 2.050677272727272626e+00
5.463479166666668441e+00 1.512430434782608746e+00
9.892014583333335054e+00 6.502668750000001552e+00
1.066790416666666808e+01 4.706490666666667266e+00
1.118983333333333441e+01 7.065388888888892716e+00
1.100046041666666774e+01 5.075967605633808333e+00
1.117667083333333800e+01 4.798347297297294034e+00
9.828410416666667260e+00 3.977681333333332514e+00
8.628035416666667956e+00 3.553434285714286212e+00
7.503758333333333752e+00 3.406307936507938727e+00
7.652118750000002301e+00 3.526254545454547973e+00
6.232591666666668750e+00 2.354253968253970264e+00
6.499187500000000561e+00 2.440182539682540064e+00
4.835514583333333505e+00 1.524726315789473707e+00
4.940143750000003386e+00 1.847023437500002085e+00
5.307437499999999808e+00 1.881676056338026370e+00
4.643268749999999834e+00 2.087732812499997426e+00
3.957729166666668075e+00 1.962199999999998612e+00
4.792685416666667031e+00 1.538075000000000969e+00
4.954808333333332371e+00 1.754401492537312368e+00
5.284731250000002767e+00 2.262922058823530591e+00
5.381616666666666937e+00 1.796537500000000342e+00
3.592714583333333156e+00 1.386363076923077253e+00
3.263287500000000563e+00 1.327614285714286302e+00
6.993618750000000439e+00 4.348016393442623695e+00
1.024143333333333317e+01 6.041304347826088161e+00
8.131702083333331998e+00 3.237302702702701929e+00
4.772735416666665564e+00 2.089665624999999860e+00
4.618177083333333321e+00 2.224090163934427267e+00
5.264222916666667196e+00 1.609046153846152905e+00
5.063525000000001164e+00 2.182823809523809722e+00
7.980477083333333610e+00 4.996354838709677004e+00
7.446377083333334923e+00 4.719646153846154490e+00
7.074474999999998737e+00 3.151553846153847704e+00
8.230972916666665640e+00 3.961008823529412304e+00
7.371725000000001415e+00 2.983505970149252118e+00
7.362702083333334535e+00 3.156185937500000982e+00
9.514318750000002822e+00 3.592452173913043278e+00
7.337954166666667000e+00 3.423116417910446962e+00
1.084244583333333445e+01 7.379144827586207711e+00
1.502429375000000000e+01 1.188590909090909342e+01
1.983791250000000161e+01 1.009423880597014467e+01
1.996507291666666717e+01 4.915958108108108071e+00
1.929301249999999968e+01 5.291907894736841200e+00
1.462690000000000090e+01 5.342647826086956542e+00
1.534909374999999976e+01 7.268028767123285050e+00
1.420490208333333548e+01 5.964026760563379881e+00
1.293686875000000214e+01 4.408721428571431566e+00
1.320579166666666993e+01 4.765036231884056228e+00
1.142663541666666838e+01 3.207584285714286221e+00
1.164325000000000188e+01 2.584556578947369676e+00
1.455767708333333665e+01 3.089956250000001070e+00
1.167042291666666642e+01 5.725557575757576956e+00
9.720183333333336506e+00 4.367113043478259904e+00
1.056360624999999942e+01 4.327157333333335743e+00
1.031904583333333569e+01 4.846813846153844807e+00
1.390931666666666899e+01 5.337744117647057251e+00
1.420903750000000088e+01 5.068556060606061564e+00
1.330608333333333526e+01 4.850281818181816362e+00
1.152238958333333585e+01 4.791731343283581523e+00
1.354259791666666679e+01 5.535111940298503619e+00
1.507965208333333429e+01 5.139450000000000074e+00
1.349625208333333326e+01 4.819003896103900786e+00
1.022419791666666811e+01 3.825022222222223434e+00
1.044280625000000384e+01 4.023647142857146086e+00
1.349862083333333374e+01 4.431764864864862652e+00
1.434329375000000084e+01 5.590416000000000274e+00
1.350451875000000257e+01 6.797172602739733449e+00
1.269680833333333503e+01 4.552223809523811227e+00
1.217400416666666807e+01 5.332449367088605285e+00
1.190816666666666812e+01 4.588619512195126759e+00
1.088980208333333444e+01 4.354702469135803611e+00
9.569902083333333920e+00 4.142926250000005695e+00
7.602872916666669312e+00 3.317241176470590247e+00
7.880002083333335072e+00 2.804742105263159591e+00
7.987381250000001209e+00 1.835682432432434563e+00
6.317689583333333303e+00 1.689773972602738095e+00
8.806452083333335068e+00 3.771340845070421555e+00
6.973647916666668500e+00 2.884114102564104165e+00
9.653404166666666342e+00 3.887736144578309183e+00
7.367987500000002576e+00 2.908834567901235513e+00
9.764743750000002720e+00 4.377265714285713649e+00
6.997997916666666818e+00 2.613498571428575445e+00
7.433833333333335069e+00 1.883359210526314609e+00
7.310818750000001920e+00 2.480069444444447768e+00
6.216114583333332888e+00 2.423258823529408357e+00
4.900985416666666872e+00 1.880934285714286558e+00
8.254306250000000844e+00 3.634033333333335225e+00
8.881643750000000281e+00 3.374036923076921823e+00
1.135192499999999960e+01 4.138933823529415079e+00
1.227567500000000145e+01 4.764398550724640025e+00
1.136949375000000195e+01 4.255160000000000942e+00
1.127073541666666578e+01 2.584679710144929032e+00
1.389844583333333539e+01 6.181979411764700671e+00
1.317175833333333479e+01 6.228544444444443329e+00
1.303352500000000269e+01 6.007734328358212750e+00
1.383711875000000191e+01 5.825788405797100999e+00
1.292377708333333430e+01 6.114884285714286882e+00
1.416678333333333306e+01 6.169596103896103578e+00
1.501952500000000335e+01 8.893688059701494453e+00
1.554660208333333493e+01 4.623236842105264088e+00
1.212188958333333666e+01 4.180369736842103556e+00
1.132155625000000221e+01 3.407780000000001142e+00
1.108752083333333438e+01 4.560597222222221525e+00
9.507947916666667609e+00 4.200269014084508257e+00
8.364452083333334897e+00 3.084262499999998131e+00
7.577947916666667005e+00 3.335077611940300724e+00
6.859108333333335139e+00 3.685576119402988571e+00
5.195022916666667712e+00 2.745197183098591953e+00
5.867429166666667584e+00 2.720541666666668412e+00
5.493577083333332389e+00 2.042148101265825133e+00
5.652606250000000720e+00 2.132880555555556334e+00
5.865789583333334001e+00 2.663897402597402486e+00
5.219314583333333424e+00 1.795044000000000306e+00
4.997902083333333856e+00 2.347009333333335057e+00
6.163675000000002235e+00 3.012904347826087736e+00
5.102875000000001826e+00 2.199266666666666481e+00
5.220416666666666927e+00 2.126153731343284115e+00
4.724927083333334110e+00 1.606294366197182910e+00
4.321318750000000541e+00 1.320634285714286094e+00
4.712450000000001360e+00 1.848235294117648753e+00
4.592060416666668310e+00 2.417007692307693301e+00
4.238212500000000382e+00 2.069777142857144092e+00
5.721916666666667872e+00 2.525413043478261343e+00
6.410516666666666197e+00 2.506416438356164456e+00
6.123481250000000209e+00 2.331545833333334095e+00
6.956289583333333582e+00 3.683796825396824737e+00
7.959897916666666795e+00 2.938751428571427127e+00
9.163412499999999739e+00 2.872001351351351150e+00
7.486608333333332865e+00 2.785017910447760592e+00
7.314537500000000136e+00 2.662930434782607936e+00
7.066397916666666390e+00 2.535642187499999700e+00
8.025193750000001458e+00 3.049530303030303813e+00
8.174604166666666671e+00 4.219105263157893582e+00
6.948714583333333472e+00 3.128547540983606545e+00
8.064325000000000188e+00 3.303379104477611961e+00
7.462922916666666850e+00 2.915867647058824730e+00
6.808095833333331903e+00 2.780731343283582291e+00
7.128587499999999189e+00 2.811927397260274297e+00
7.310841666666668459e+00 2.893759459459459116e+00
5.326389583333333455e+00 1.819214084507042584e+00
4.761418750000000699e+00 1.979834920634921058e+00
5.429631250000002574e+00 3.030201515151516478e+00
5.482791666666666508e+00 2.512602941176471205e+00
5.033306249999999871e+00 2.528065217391305186e+00
5.618827083333333583e+00 3.491445000000000132e+00
5.314937500000000092e+00 2.822920312499999973e+00
5.083093750000001521e+00 2.565939344262294419e+00
5.051950000000000607e+00 2.284698387096774308e+00
4.707341666666667201e+00 1.699129687499999930e+00
4.339202083333334237e+00 1.570576119402984139e+00
5.128554166666667413e+00 1.501886111111110589e+00
4.162989583333334132e+00 1.752568656716417816e+00
3.485343750000000629e+00 1.262458461538461751e+00
4.563720833333333893e+00 2.013263492063492421e+00
3.980247916666668218e+00 1.556933846153846668e+00
5.263710416666667946e+00 1.589492537313433207e+00
4.766497916666668111e+00 1.667214492753623878e+00
3.059581250000000807e+00 1.319449999999999790e+00
3.722572916666667897e+00 1.599588524590164207e+00
3.102714583333333831e+00 1.136530645161289765e+00
3.723833333333334661e+00 2.192769841269841091e+00
5.154704166666667753e+00 3.426422580645162252e+00
4.842329166666668350e+00 2.023900000000000254e+00
4.741354166666668313e+00 2.515582089552239609e+00
6.319587500000001690e+00 2.654397058823529498e+00
5.914158333333333850e+00 1.844918840579710340e+00
6.951008333333334122e+00 2.184252941176470397e+00
5.609366666666666390e+00 1.994244117647060444e+00
7.076747916666668914e+00 3.427442187499999626e+00
6.952166666666667716e+00 1.672401587301588055e+00
7.344568750000000534e+00 1.852513432835821039e+00
7.806920833333333754e+00 2.045805797101450274e+00
6.308570833333334349e+00 2.087674324324326758e+00
6.783539583333333844e+00 2.328728378378377428e+00
4.992958333333334053e+00 1.114431343283582843e+00
5.128837500000001270e+00 1.390820588235294641e+00
5.123968750000000405e+00 2.246619444444444280e+00
4.596572916666667119e+00 1.695373913043478398e+00
3.965964583333333682e+00 2.071206451612902733e+00
4.282758333333333667e+00 1.934194444444444105e+00
4.527052083333334309e+00 2.306591044776118871e+00
4.649641666666667561e+00 2.636316438356166802e+00
4.063410416666666691e+00 2.073151388888889279e+00
4.430187499999999723e+00 2.020470422535211252e+00
3.668006249999999913e+00 1.699672222222221363e+00
4.167483333333333206e+00 1.622710810810810367e+00
4.796235416666667639e+00 1.357409722222222559e+00
4.763333333333333641e+00 1.520359154929577628e+00
5.073147916666667534e+00 2.195083582089552898e+00
3.872502083333333900e+00 1.566931746031746897e+00
4.545987499999999848e+00 1.582047887323943636e+00
5.630391666666668016e+00 2.032610447761193040e+00
5.949968750000000917e+00 2.818031147540984271e+00
5.967089583333335945e+00 2.577013636363636451e+00
6.404520833333335439e+00 2.040911764705883868e+00
7.495791666666668185e+00 2.415910447761195012e+00
7.091285416666668340e+00 2.668723529411766826e+00
7.584635416666667851e+00 3.633579032258064778e+00
8.991820833333335372e+00 4.564520967741937163e+00
1.013433750000000266e+01 3.381458571428572313e+00
1.430273125000000078e+01 5.196501449275356954e+00
1.305497291666666548e+01 4.701979104477610250e+00
1.593753958333333287e+01 7.314350000000000129e+00
9.215054166666668323e+00 4.628050847457627626e+00
9.507341666666668800e+00 4.773419402985076054e+00
9.154806250000001810e+00 4.236089393939396430e+00
